Artwork,Artist,Song,Genre(s) on Reddit,Reddit upvotes,Spotify song popularity (0-100),Spotify artist popularity (0-100),Spotify artist follower count,Released on Spotify
"https://i.scdn.co/image/ab67616d0000b273e483871760c2d905c966ce07, https://open.spotify.com/track/7kz5wYuP7kULlvZ9xfsI59",Philip Glass,Koyaanisqatsi,classical,462,43,60,548K,1983-01-01
"https://i.scdn.co/image/ab67616d0000b2733193a5600e3faafcd206698a, https://open.spotify.com/track/69tg5IPLpC6NBQH23Ul5na",Electro Experience,Electronic Evolution,jungle techno,330,24,22,6,2022-10-05
"https://i.scdn.co/image/ab67616d0000b273d1fd8f264564d9eef7617a45, https://open.spotify.com/track/23oxJmDc1V9uLUSmN2LIvx",Yellowcard,Ocean Avenue,punk rock,320,72,61,1.34M,2003-01-01
"https://i.scdn.co/image/ab67616d0000b273a7c929077dcc9e2c8aa92cd3, https://open.spotify.com/track/1TDTS4V77oc2hLQawa17zY",Ombre2Choc Nation,I Kill People,gangster rap,307,58,53,18.5K,2019-12-19
"https://i.scdn.co/image/ab67616d0000b273c7c454dbbf21ef5d4e7af1f0, https://open.spotify.com/track/2srwzbnzdz479V0W7H8gJx",Paysage D'Hiver,Eishalle,atmospheric black metal,293,29,26,28.8K,2009-10-16
"https://i.scdn.co/image/ab67616d0000b273a12c5353b3d0385c6ce8c103, https://open.spotify.com/track/5BUMezybH9ddavsNH1O6Py",Jakey,DRIVE OFF A BRIDGE,"rap, hip hop",194,55,52,152K,2022-11-18
"https://i.scdn.co/image/ab67616d0000b273b7c5b06b9f04963b4204228e, https://open.spotify.com/track/5LoAD8FEO2G19xokhkERhy",SyWavy,3AM,soul,158,20,6,108,2021-09-24
"https://i.scdn.co/image/ab67616d0000b273c94b7d6a793748102db2fce3, https://open.spotify.com/track/1wmT1lvUQ4uyKHpvlW2pTD",Phantom Handshakes,Stuck in a Fantasy,dream pop,126,28,27,3.15K,2022-10-06
"https://i.scdn.co/image/ab67616d0000b273028c3bb4b81ee71dd73d1596, https://open.spotify.com/track/3n69hLUdIsSa1WlRmjMZlW",alt-J,Breezeblocks,indie pop,125,71,69,3.08M,2012-09-18
"https://i.scdn.co/image/ab67616d0000b273117b10249d12bf9402004374, https://open.spotify.com/track/258xXs5rtmrfy0rh1MqvUB",Sunni Colón,Provide,"r&b, soul",116,40,47,77.2K,2021-04-09
"https://i.scdn.co/image/ab67616d0000b2737fb18164a998591a94662aef, https://open.spotify.com/track/2hU9S9x1uciKpOS5BqWqeq",Massive Attack,Bullet Boy (Vox) - 2006 Digital Remaster,alternative hip hop,107,32,63,1.9M,2006-03-27
"https://i.scdn.co/image/ab67616d0000b27322d04270b691a8bbf5c9351e, https://open.spotify.com/track/04N6h9WQZ53uKfwKl6cKW2",Disco Dicks,Undercover Lover,"indie rock, space rock",105,0,4,501,2022-11-18
"https://i.scdn.co/image/ab67616d0000b273b2b996c069757379b8253675, https://open.spotify.com/track/72byvoASi4os3zwqpPbNau",The Popguns,Waiting for the Winter,"indie pop, jangle pop",93,9,10,3.05K,1990-01-01
"https://i.scdn.co/image/ab67616d0000b2730076b58756a173583ea9beae, https://open.spotify.com/track/6afxVabATvqrDVO9w82ZJM",GAUPA,The Drunk Autopussy Wants to Fight You,folk-doom,85,29,35,19.4K,2018-01-02
"https://i.scdn.co/image/ab67616d0000b273306bf2c80c90b5c2374a00e5, https://open.spotify.com/track/5ui4WK9gsF3cu3yNvUWpjr",The Grapes Of Wrath,All The Things I Wasn't,"folk, alternative, canadiana",80,23,27,17.9K,1994-01-01
"https://i.scdn.co/image/ab67616d0000b273f1e132c9b3e64d6a2cd23d4a, https://open.spotify.com/track/0jVCDy1GlmOgGocBNiSVMb",Artjunky,You Can Be Bitchy,"rock, indie",67,0,0,1,2022-05-06
"https://i.scdn.co/image/ab67616d0000b273a11d1b084e792810316fea8a, https://open.spotify.com/track/5wAdIhCznqx3rrDrKzjb2k",Oh He Dead,All Night,"indie soul, pop",66,30,28,10.1K,2022-11-18
"https://i.scdn.co/image/ab67616d0000b2733031d01866d92f2c05643706, https://open.spotify.com/track/1KEWTbpu8SAjm0HMuWWsF8",Beatnik Bandits,Firearms,americana,61,23,23,2.71K,2022-02-25
"https://i.scdn.co/image/ab67616d0000b2737912da06550625889c9a5eba, https://open.spotify.com/track/0GvY4vB9jpo2eaNPrWVUVv",Joywalk,Do You Want It?,"edm, progressive house",60,0,0,57,2022-09-30
"https://i.scdn.co/image/ab67616d0000b273c5f0e2576c8ff98cbf255e41, https://open.spotify.com/track/37hTy5a1MpizyBoAZk8GlS",daine,shapeless,"pop, hyperpop",57,5,36,18.6K,2022-11-21
"https://i.scdn.co/image/ab67616d0000b27309eccd14ae1793f256f09ec7, https://open.spotify.com/track/6Yjvyhl08fkL1G1TqnooDm",Rx Bandits,Analog Boy,"ska, punk",55,23,36,63.2K,2001-01-01
"https://i.scdn.co/image/ab67616d0000b2738ba1dd3e4f1154f752379cae, https://open.spotify.com/track/0cw0sfDBoGQiHawVe0o87f",Sol Arctica,Aquarius,retrowave,49,1,0,51,2022-11-18
"https://i.scdn.co/image/ab67616d0000b273f72f1e38e9bd48f18a17ed9b, https://open.spotify.com/track/5NERbS7923kF471NLKDZkB",Elton John,Funeral For A Friend / Love Lies Bleeding - Remastered 2014,"live, rock",44,53,83,10.4M,1973-10-05
"https://i.scdn.co/image/ab67616d0000b27393b0b0bc9bc1566e23999d88, https://open.spotify.com/track/3ztKHejzVoxJRKSZHFFMdJ",Golden Earring,Twilight Zone,rock,42,55,54,223K,2008-10-22
"https://i.scdn.co/image/ab67616d0000b27390423e2059d050829bc4dd4f, https://open.spotify.com/track/4A5KFb1lexWcXOiaaOUxGH",Tucked In,Doc Sunshine,indie rock,38,14,19,82,2022-10-28
"https://i.scdn.co/image/ab67616d0000b273a873c2b9d958e9b9d2a12303, https://open.spotify.com/track/7w6ThahlYn4UYDZUPfyHKw",Smidley,In Poor Taste,"singer-songwriter, indie punk, emo",37,28,29,6.9K,2022-11-11
"https://i.scdn.co/image/ab67616d0000b273d1d3d6e3a02ce143b6ccbe8d, https://open.spotify.com/track/49FaQGQOKrsUUWulZeKbTm",The Avery Wolves,Voodoo Psychosis,psychobilly,27,1,1,340,2020-12-31
"https://i.scdn.co/image/ab67616d0000b273fed623f50c1db24ce38b394a, https://open.spotify.com/track/1rUiICtcJ7UpGn55gRxpdo",The Real McKenzies,White Knuckle Ride,celtic punk,25,30,47,129K,2008-08-05
"https://i.scdn.co/image/ab67616d0000b273eff7bf37f6e57981104d852b, https://open.spotify.com/track/5JWTaVndOyJY1yYAAXbGTi",A Taste Of Honey,Let's Begin,"soul, funk",20,5,44,25.5K,1979-01-01
"https://i.scdn.co/image/ab67616d0000b2736b8a85af99ffa841453a68bb, https://open.spotify.com/track/2hBiTch7PmrAHoXIYQJ7Ls",Betty Booom,The Beat Goes On - Neo Swing Mix,neo swing,20,26,39,3.55K,2022-11-18
"https://i.scdn.co/image/ab67616d0000b2738d8028a1f6f4c7df0b30a62f, https://open.spotify.com/track/426mTaKyhqLAVffwj6xWKd",Donna Summer,Love To Love You Baby,disco,19,0,63,1.62M,2022-11-20
"https://i.scdn.co/image/ab67616d0000b273a29642f4fec83980d580ac18, https://open.spotify.com/track/2NOJb1U3qDSO8rtVijgfTp",The Dream Team,"Make It Bun Dem (Skrillex & Damian ""Jr. Gong"" Marley Tribute)",reggaestep,18,26,15,636,2012-05-01
"https://i.scdn.co/image/ab67616d0000b27317bafa76e1da26c7167e5192, https://open.spotify.com/track/75Llbj5OAnDnSaob3koB0w",Turnstile,Out of Rage,hardcore,18,44,62,341K,2016-03-25
"https://i.scdn.co/image/ab67616d0000b2738e32a9c5cbb744b3d0557b4b, https://open.spotify.com/track/7bHOJc5vJ7lflRDI7PeYuw",HYRA,Seventh Heaven,hyperpop,17,34,32,4.77K,2022-11-18
"https://i.scdn.co/image/ab67616d0000b273ce51ef2806ab31b8c6239a91, https://open.spotify.com/track/4agp6oHofabdUedr0B1krj",LEN,Steal My Sunshine,modern rock,17,60,71,2.26M,1999-05-25
"https://i.scdn.co/image/ab67616d0000b2730d87f29833c204033701f87c, https://open.spotify.com/track/5FfgLIooERZ7rcNcwxAcdF",Devon Cole,Hey Cowboy,pop,15,60,57,166K,2022-10-21
"https://i.scdn.co/image/ab67616d0000b2731a7ebbfcf9b5292f8237f6a8, https://open.spotify.com/track/3SE2vcTotdWee9VxRHqAzj",Holy Popes,Pencils,"post-punk, garage",15,3,1,25,2022-11-18
"https://i.scdn.co/image/ab67616d0000b27398e08f603553915a041b6937, https://open.spotify.com/track/3M8FzayQWtkvOhqMn2V4T2",Bill Withers,Lean on Me,soul,14,69,70,1.39M,1972-05-01
"https://i.scdn.co/image/ab67616d0000b27325d10f813fd1114b2bb9e39a, https://open.spotify.com/track/3JhNsyNQSyrsHcnFRHZN1e",Ben Howard,Black Flies,folk rock,13,53,64,1.95M,2011-01-01
"https://i.scdn.co/image/ab67616d0000b2736abcebae84aa6cbcc4291eec, https://open.spotify.com/track/6CmjW7qF8rlNovyTfcr5fT",Richard Buckner,This Is Where,american folk,13,10,26,11.3K,1994-01-01
"https://i.scdn.co/image/ab67616d0000b2733117b0f8df28524a24ac9a28, https://open.spotify.com/track/7n0cOijx7XdTk1MKGY8mIa",World Party,Way Down Now,new wave,13,46,44,40.1K,1990-04-24
"https://i.scdn.co/image/ab67616d0000b273c816dd98c365de0d1bc89ce0, https://open.spotify.com/track/3nJIZklLETPxbt3KAMSKMY",Frenzal Rhomb,Mummy Doesn't Know You're a Nazi,punk,13,30,40,50K,2011-09-06
"https://i.scdn.co/image/ab67616d0000b2731cb2690bae33766e7d87c26d, https://open.spotify.com/track/4iUO2S7j7qFAW7BaMq8nPc",Mondegreen,Ultraviolet,"electro, indie",13,8,1,26,2022-11-18
"https://i.scdn.co/image/ab67616d0000b2732299e446124bdbab6e1dbc1c, https://open.spotify.com/track/02WDuAXXKumemrvsmrVBvH",K'NAAN,Wavin' Flag - Coca-Cola® Celebration Mix,"world, reggae fusion",12,50,60,194K,2009-01-01
"https://i.scdn.co/image/ab67616d0000b2731306577e52512ed6b1591f1f, https://open.spotify.com/track/3Ukw1YUBmR8qPxTLsI7ahz",Dntel,Casuals,experimental downtempo indie idm electronic,11,2,28,24.2K,1998-11-02
"https://i.scdn.co/image/ab67616d0000b273f3987145fa2ceccbbdc3092c, https://open.spotify.com/track/13vKJQF2Y6N3KRvOb3V1oT",Hey Marseilles,Eyes On You,indie pop,11,29,26,25.4K,2016-02-05
"https://i.scdn.co/image/ab67616d0000b273710d01e966f0fffc290fb7c9, https://open.spotify.com/track/68xotPd7PsAFloDLqxWUxC",Oscillian,Ulysses 31 (Bonus Track),synthwave,11,9,31,4.8K,2017-06-14
"https://i.scdn.co/image/ab67616d0000b27361d099fde6c64dc5a90742a4, https://open.spotify.com/track/6gTQubOSdry0ievEXvhzxd",Pendulum,The Tempest,"jangle pop, indie pop",10,48,59,868K,2008-05-09
"https://i.scdn.co/image/ab67616d0000b2738f8bcd501dee07449a5c2a24, https://open.spotify.com/track/7kP2kLe9URH7btmIvnAHkQ",Klaus Johann Grobe,Ja!,"indie, disco",10,33,30,24.3K,2018-10-26
"https://i.scdn.co/image/ab67616d0000b273e519bd40626ed825c53424f3, https://open.spotify.com/track/2n6JnqKZ9ln32B3AF16HlM",Kazukii,Fleeting,"chill, electronic",10,28,39,15.3K,2022-11-18
"https://i.scdn.co/image/ab67616d0000b2737f213369d5265a60af5f7e82, https://open.spotify.com/track/4VgEM12OeaN3GyBV487Me7",Green Day,Holiday,rock,9,68,78,13.5M,2017-11-17
"https://i.scdn.co/image/ab67616d0000b27351f1ea06e3f0349c8b2beddc, https://open.spotify.com/track/1GNU98r76H6j17Gbc6d10L",Nogu Svelo!,Гимн обреченных,rock,8,28,35,62.4K,2022-11-17
"https://i.scdn.co/image/ab67616d0000b273e40aa002dcaa2f27f1589263, https://open.spotify.com/track/4kcQnlExOa9aCmzLgYazG8",Music For Anxiety,Sleep and Relaxation Music,relaxing music,8,12,31,385,2021-09-01
"https://i.scdn.co/image/ab67616d0000b273a6cbe52d05770e1df96c5db4, https://open.spotify.com/track/7oDjRgTyc6oA1Qw0ouFH0P",Matti Charlton,"A Picture of Dorian Gray, Dissolving","synthwave, synthpop",8,0,13,991,2022-06-17
"https://i.scdn.co/image/ab67616d0000b2737c0855b055225b089c20a5ce, https://open.spotify.com/track/2TA2tJJ25DbrDCUK7sEGEM",Accordeon Melancolique,La Partida - 6/8 Waltz From Venezuela,césar,8,10,16,1.74K,2006-01-01
"https://i.scdn.co/image/ab67616d0000b273fc8a922850cfc8b65d970cb1, https://open.spotify.com/track/1ALYaISC4GGXOWiDWiYDW7",Sami Matar,Son of the Black Woman,folk,8,4,26,3.09K,2018-10-31
"https://i.scdn.co/image/ab67616d0000b273ca545eb0b78b91414591cdfe, https://open.spotify.com/track/63dzPzZLtXCk21pCgHwMI3",Rowe,Daze,"r&b, soul",7,22,36,2,2022-11-18
"https://i.scdn.co/image/ab67616d0000b273df3566749624e1e303b6f0fa, https://open.spotify.com/track/4kKVT65CF6Db3LkJzxRVhf",Yasumu,Evening Jam,"trance, alt, electronic, hifi",7,27,62,12.4K,2020-06-07
"https://i.scdn.co/image/ab67616d0000b27370e60f739259aef3425486f9, https://open.spotify.com/track/1bJlMEJfL9sLcICFM7yCJA",Jason Isbell and the 400 Unit,Go It Alone,alt country,7,38,54,194K,2011-04-12
"https://i.scdn.co/image/ab67616d0000b273f05cf0af79d057704dc994f4, https://open.spotify.com/track/0b18g3G5spr4ZCkz7Y6Q0Q",Majestic,Rasputin,trailerized remix,7,79,63,47K,2021-02-26
"https://i.scdn.co/image/ab67616d0000b2733664456cd14d62c369a47ce8, https://open.spotify.com/track/4unL8NpMddiCbo0yheMSvo",Kyle Nix,Lightning on the Mountain,bluegrass,7,24,13,2.68K,2020-06-26
"https://i.scdn.co/image/ab67616d0000b2737e7714072741dd0d93adebc6, https://open.spotify.com/track/0LcTe3aBA8BLyP86MlLfQY",The Stash Band,Sally Took a Ticket to Paradise,"bluegrass, avant-garde",7,0,0,165,2017-09-29
"https://i.scdn.co/image/ab67616d0000b27364c6ef51927c575ed9f464cf, https://open.spotify.com/track/1LOZMYF5s8qhW7Rv4w2gun",10cc,Dreadlock Holiday,reggae rock,7,67,59,597K,1978-01-01
"https://i.scdn.co/image/ab67616d0000b27300d79108f2f8238d88da903b, https://open.spotify.com/track/1gJMKmTLJNWKnxJI8awno2",Ronnie Laws,Just As You Are,jazz,6,10,34,49.7K,1992-01-01
"https://i.scdn.co/image/ab67616d0000b27344396a89d91ac5327c9c52af, https://open.spotify.com/track/5zNxSZrGxu7YlLazQMDQql",Trace,Opus 1065,jazz-rock,6,8,60,2.36M,2014-11-22
"https://i.scdn.co/image/ab67616d0000b273cc49429863bc2d928084df80, https://open.spotify.com/track/0vpp4cB199tYYmuOgDilgZ",Maxine Gillon,Genuflect,"art pop, art rock",6,1,0,59,2022-02-11
"https://i.scdn.co/image/ab67616d0000b273a24ddfd83e898d525a91f9b9, https://open.spotify.com/track/7eP2AL5TLlVUmGNmFyAAXD",GAUPA,Exoskeleton,"progressive-rock, doom",5,32,35,19.4K,2022-11-18
"https://i.scdn.co/image/ab67616d0000b273ab22ae6786f8e7b68665e28d, https://open.spotify.com/track/70ReBRViRsok8O3h0C0gRX",Johann Caspar Ferdinand Fischer,Ariadne Musica: Prélude No. 13 et fugue,"art pop, art rock",5,0,15,1.6K,2015-01-01
"https://i.scdn.co/image/ab67616d0000b273e5dba16ad44d9eb608b578a7, https://open.spotify.com/track/3zWrYckqGCZtilr86M3UqL",Oranje,Ankara Messi,"emo, math-rock",5,10,77,4.72M,2022-11-18
"https://i.scdn.co/image/ab67616d0000b273a2a810a707459830de3915bd, https://open.spotify.com/track/5l6xYYqj8lUQuQZbbp3b2a",We.B,"Paradise (From ""SK8 the Infinity"")","san bernardino, ca, usa ; hard rock, heavy metal",5,38,48,42.2K,2021-03-15
"https://i.scdn.co/image/ab67616d0000b27309bfb7d3b26b15d33575519b, https://open.spotify.com/track/4TxuAw6GMHFPMv6NQeXm6l",Teenage Priest,Cool to You,bedroom pop,5,47,40,13.7K,2019-09-06
"https://i.scdn.co/image/ab67616d0000b273e54842de7f6202349f2fc8e6, https://open.spotify.com/track/6pC4mYcpAJFxm2nM2GTEct",Overcast,Allegiance to the Flesh,thrash metalcore,5,1,6,3.77K,2015-02-03
"https://i.scdn.co/image/ab67616d0000b273211a6308d6c914877ac0a223, https://open.spotify.com/track/3scfZSjyrmlklCviDxwOIX",Hiro Hattori,Scenery imagined from the aquarium,rock,5,6,0,21,2019-10-15
"https://i.scdn.co/image/ab67616d0000b273d30e496dd573f1055ac5c4fd, https://open.spotify.com/track/43V4Ygf7fyOueZp5JdqukZ",The Lostines,A Tear,"country, doo-wop",5,22,28,4.6K,2022-11-18
"https://i.scdn.co/image/ab67616d0000b2734af5f10042876cb4d73c4d2f, https://open.spotify.com/track/62m9mhBJqoc0cigNopTs0T",Babes In Toyland ,Realeyes,"punk, grunge",4,1,37,121K,2020-01-03
"https://i.scdn.co/image/ab67616d0000b2735e9c081c64e3a4440be1a739, https://open.spotify.com/track/4WYVA9t70fpESE1mychdZL",Sharon Van Etten,Mistakes,indie,4,53,55,468K,2022-05-06
"https://i.scdn.co/image/ab67616d0000b273a6f230780c10a2507ffd4e14, https://open.spotify.com/track/0cSaAscEx6Ei4XPupVvdy5",Sergei Rachmaninoff,"Rachmaninov: 10 Preludes, Op. 23: No. 5 in G Minor",classical,4,24,62,563K,2001-01-05
"https://i.scdn.co/image/ab67616d0000b2736491022567e355d8633f5ff2, https://open.spotify.com/track/6SfLHjKD666UfI5PFHGxnN",Jacqueline Taieb,Le cœur au bout des doigts,"rock, pop yéyé",4,43,36,23.5K,1967-04-03
"https://i.scdn.co/image/ab67616d0000b2732e56bce62002a73185536bdd, https://open.spotify.com/track/1UvgNeeoqaa7f1vCgTnM0P",La Fiera de Ojinaga,No Paras de Hacerme Feliz,uptempo electronic,4,65,63,325K,2022-05-27
"https://i.scdn.co/image/ab67616d0000b273e6eaa328854d634428546f17, https://open.spotify.com/track/0D0fJnHN5Tj7QTa3rEbLTT",Iggy Pop,Frenzy,-,4,56,62,1.39M,2022-10-28
"https://i.scdn.co/image/ab67616d0000b273288682603d64a2ae9f9c4d9f, https://open.spotify.com/track/1g80NW43cWM5L2Mc9MNGYz",Lugosi,Blame it on the Weak,french punk-hardcore,4,2,24,42,2022-11-18
"https://i.scdn.co/image/ab67616d0000b2737400f951a16739c67b729c49, https://open.spotify.com/track/6CHteH5yaMJmTBJJL6G2QG",DEVO,The Fourth Dimension,new wave,4,23,53,472K,1978-01-01
"https://i.scdn.co/image/ab67616d0000b2732517bfa91f9644bd9fe4f063, https://open.spotify.com/track/5E7b4fwhCuBn7yy3jr7XRi",Electric Gold,Ego,rock,3,1,1,32,2022-11-20
"https://i.scdn.co/image/ab67616d0000b273b39bdacb080c836ac7b7bafa, https://open.spotify.com/track/5La0vYYOONCmMV6INa9j07",Massage,Lydia,jangle pop,3,6,50,18.7K,2018-07-27
"https://i.scdn.co/image/ab67616d0000b2731bc7a864d1cf403ec8e57308, https://open.spotify.com/track/3beYmUcaXJZiSZMPbsMI7p",The Guess Who,No Sugar Tonight / New Mother Nature,"blues rock, psychedelic rock",3,56,55,578K,1970-01-01
"https://i.scdn.co/image/ab67616d0000b273e8f37c714e4cb650b40d54b5, https://open.spotify.com/track/09spkkhXfD7yl2ySd6NhVC",Atlantics,Lonelyhearts,new wave,3,11,21,9.02K,2006-01-01
"https://i.scdn.co/image/ab67616d0000b27320c497810f503069b27c0bdd, https://open.spotify.com/track/1IIydYQ6LTzZpgLXYpNlNy",Astor Piazzolla,Libertango,solo guitar,3,46,48,285K,2010-06-02
"https://i.scdn.co/image/ab67616d0000b2735bc650437eea5439590a206b, https://open.spotify.com/track/6nlhqVNBYHtUAvDxtFNZRA",Black Space Riders,Leaves of Life (Falling Down),"progressive, psychedelic, space, stoner-rock",3,6,16,5.31K,2018-07-27
"https://i.scdn.co/image/ab67616d0000b2736c39db1678c3f0ee051ca2c5, https://open.spotify.com/track/2Qv5EUATFNebcFGq3rN8O6",Teddy Pendergrass,Joy,r&b,3,34,57,1.12M,1988-04-26
"https://i.scdn.co/image/ab67616d0000b273d833c63efe7d501ab4342401, https://open.spotify.com/track/5yFnawMLEJyxzRlbMZeSPS",Patrick Paige II,Whisper (Want My Luv),"r&b, soul, funk",3,34,35,29.2K,2021-05-21
"https://i.scdn.co/image/ab67616d0000b273b2a51a75fa50860e8192704f, https://open.spotify.com/track/246kWB3pAv70EQvA6OrTpt",Heitor Villa-Lobos,Prelude No.1 - Melodía lírica,guitar,3,40,40,70K,2015-09-03
"https://i.scdn.co/image/ab67616d0000b27344e5a38918714428b88fc007, https://open.spotify.com/track/3Rsiqxl2ZHzic0YSqyO9jx",LS,Raw Cuts,house,3,0,63,330K,2022-11-18
"https://i.scdn.co/image/ab67616d0000b273067db8b9c6e16107e4720c68, https://open.spotify.com/track/5hjY3Kq26iyiqQWCAJwyLf",Virgins,signalling,"shoegaze, dream pop",3,19,58,344K,2022-09-02
"https://i.scdn.co/image/ab67616d0000b27388cea355ba046594ed548eff, https://open.spotify.com/track/0oCpNIVoV1iJK51xmh59Yh",Purple Mountains,All My Happiness is Gone,alt-country,3,43,34,43K,2019-07-12
"https://i.scdn.co/image/ab67616d0000b273ee81a0504be5577537a59939, https://open.spotify.com/track/1KkPAA9A2OV4R1bsufnF53",Sons of Ivaldi,Where My Babe Goes,"experimental, avant-garde",3,2,0,18,2022-07-09
"https://i.scdn.co/image/ab67616d0000b2737de7fa74d153b459d3fbb20a, https://open.spotify.com/track/73D0fz8r3cSB0LVFqViFsx",Nevrness,Cloudscape,instrumental,3,3,7,338,2022-09-07
"https://i.scdn.co/image/ab67616d0000b273bc48bb34a4877fc5e7db8c2d, https://open.spotify.com/track/1Tog7z9obwbdD2iBj1Ik0i",the bird and the bee,Carol Of The Bells,indie pop,3,33,43,164K,2007-01-01
"https://i.scdn.co/image/ab67616d0000b273162003c45ed9a76c4126e5a6, https://open.spotify.com/track/4IKtt30ORXFBdmT6ah9VlZ",Ikkyu,The Digital Afterlife,"alternative psych, indie",3,0,66,15.2K,2022-11-19
"https://i.scdn.co/image/ab67616d0000b27306557747e72427e38c6a7ea3, https://open.spotify.com/track/7JOwxC4mnfUhdQkBFk2FRK",Mr. GnG,Within (Parenthesis),soulful prog rock,3,0,30,18K,2022-11-18
"https://i.scdn.co/image/ab67616d0000b27346fd028b345b5e0d40280145, https://open.spotify.com/track/6gFhXzwUBpe6VIWsoF3DwG",TTNG,Baboon,"math rock, emo",3,39,40,104K,2008-01-01
