r_title,r_post_song,r_post_artist,r_media_song,r_media_artist,sp_song,sp_artist,r_genres,sp_genres,r_media_title,r_post_date,r_upvote_ratio,r_score,bc_embed_link,link_source,sc_embed_link,sc_link,sp_link,yt_link,yt_video_id,id,danceability,energy,key,loudness,mode,speechiness,acousticness,instrumentalness,liveness,valence,tempo,type,uri,track_href,analysis_url,duration_ms,time_signature,sp_artwork_640px,sp_release_date,sp_release_year,sp_explicit,sp_popularity,sp_audio_preview,sp_artist_popularity,sp_follower_count
Denzel Curry - Bulls On Parade (cover) [rock],Bulls On Parade,Denzel Curry,Bulls On Parade,Denzel Curry covers Rage Against The Machine,Bulls On Parade,Rage Against The Machine,rock,"'alternative metal', 'alternative rock', 'conscious hip hop', 'funk metal', 'nu metal', 'political hip hop', 'rap metal', 'rap rock', 'rock'",Denzel Curry covers Rage Against The Machine 'Bulls On Parade' for Like A Version,2023-01-08,57.2,4661.0,,youtube,,,,https://www.youtube.com/watch?v=ZY4ywyFXdik,ZY4ywyFXdik,0tZ3mElWcr74OOhKEiNz1x,91.9,-729.1,F,-7.291,1.0,41.2,18.4,1.24,6.01,42.4,166,audio_features,spotify:track:0tZ3mElWcr74OOhKEiNz1x,https://api.spotify.com/v1/tracks/0tZ3mElWcr74OOhKEiNz1x,https://api.spotify.com/v1/audio-analysis/0tZ3mElWcr74OOhKEiNz1x,03:49,4.0,https://i.scdn.co/image/ab67616d0000b273053f006079bce979e5fef1e1,1996-04-16,1996.0,True,75.0,https://p.scdn.co/mp3-preview/5aadaae4e395a36c53c9d0d8ea228581f510bfcd?cid=484c8fc1e0c54669ac770f80991a8280,72,5226083
Misfits - Last Caress [Horror Punk/Pop Punk],Last Caress,Misfits,,,Last Caress - C.I. Recording 1978,Misfits,"horror punk, pop punk","'horror punk', 'new jersey hardcore', 'new jersey punk', 'punk'",Last Caress,2023-01-09,41.8,1996.0,,youtube,,,,https://www.youtube.com/watch?v=UuzA4U1njO8,UuzA4U1njO8,5ALCHMO9Fmvn1Ly18Q3apL,90.6,-960.7,C,-9.607,1.0,33.0,5.13,53.3,2.08,15.0,91,audio_features,spotify:track:5ALCHMO9Fmvn1Ly18Q3apL,https://api.spotify.com/v1/tracks/5ALCHMO9Fmvn1Ly18Q3apL,https://api.spotify.com/v1/audio-analysis/5ALCHMO9Fmvn1Ly18Q3apL,01:57,4.0,https://i.scdn.co/image/ab67616d0000b2730adf29d267ea9a7e149b2ae0,1996-02-27,1996.0,False,62.0,,64,1048536
"Andrew W.K. - Party Hard [Hard Rock, Power Rock]",Party Hard,Andrew W.K.,Party Hard,Andrew W.K.,Party Hard,Andrew W.K.,"hard rock, power rock",,Andrew W.K. - Party Hard,2023-01-08,75.1,1120.0,,youtube,,,,https://www.youtube.com/watch?v=WccfbPQNMbg,WccfbPQNMbg,0E0bZtTG39K95uRjqBo1Mx,99.4,-341.3,E,-3.413,1.0,46.1,4.29,0.0,0.0,15.6,162,audio_features,spotify:track:0E0bZtTG39K95uRjqBo1Mx,https://api.spotify.com/v1/tracks/0E0bZtTG39K95uRjqBo1Mx,https://api.spotify.com/v1/audio-analysis/0E0bZtTG39K95uRjqBo1Mx,03:04,4.0,https://i.scdn.co/image/ab67616d0000b273e4d5b8415d3861bba6572673,2001-01-01,2001.0,False,59.0,,52,148786
French Class - Robot Tune [chip tune] (2019),Robot Tune,French Class,Robot Tune,French Class,Robot Tune,French Class,chip tune,,French Class - Robot Tune (Official Music Video),2023-01-08,60.9,735.0,,youtube,,,,https://www.youtube.com/watch?v=a1rjVVcZvTY,a1rjVVcZvTY,3FsDRPHGNj86hJwgszaIE2,48.1,-970.3,G,-9.703,1.0,66.7,11.1,15.4,80.3,9.68,166,audio_features,spotify:track:3FsDRPHGNj86hJwgszaIE2,https://api.spotify.com/v1/tracks/3FsDRPHGNj86hJwgszaIE2,https://api.spotify.com/v1/audio-analysis/3FsDRPHGNj86hJwgszaIE2,02:10,4.0,https://i.scdn.co/image/ab67616d0000b27372df66a7a3ea2550b47f9beb,2019-10-03,2019.0,False,33.0,https://p.scdn.co/mp3-preview/bb815e14139483cdfe7486e5ec35bb1e2113bd6d?cid=484c8fc1e0c54669ac770f80991a8280,17,325
Monster Magnet - Space Lord [Alt Rock],Space Lord,Monster Magnet,Space Lord,Monster Magnet,Space Lord,Monster Magnet,alt rock,"'alternative metal', 'hard rock', 'stoner metal', 'stoner rock'",Monster Magnet - Space Lord,2023-01-08,37.9,587.0,,youtube,,,,https://www.youtube.com/watch?v=dscfeQOMuGw,dscfeQOMuGw,3twKuUTPH239GCSPdRfmgY,73.7,-710.4,Bb,-7.104,1.0,63.4,3.54,0.02,63.5,11.9,95,audio_features,spotify:track:3twKuUTPH239GCSPdRfmgY,https://api.spotify.com/v1/tracks/3twKuUTPH239GCSPdRfmgY,https://api.spotify.com/v1/audio-analysis/3twKuUTPH239GCSPdRfmgY,05:55,4.0,https://i.scdn.co/image/ab67616d0000b2733efddd0569bf17d5ef51f3ce,1998-01-01,1998.0,False,55.0,,48,209944
"[Armenia] Katil Band - «Հաց կթխեմ» // ""Hats Ktkhem"" (I Bake Bread) [Acoustic Folk] (2022)",Hats Ktkhem,Katil Band,I Bake Bread / Հաց Կթխեմ,KATIL,Kuzim,Katil,"armenia, acoustic folk",,KATIL - I Bake Bread / Հաց Կթխեմ,2023-01-05,41.7,352.0,,youtube,,,,https://www.youtube.com/watch?v=IOBgR8nz6-w,IOBgR8nz6-w,7JaQUGwpvHZWwsQGOx924G,71.1,-623.7,A,-6.237,0.0,42.2,4.4,0.67,0.27,11.1,153,audio_features,spotify:track:7JaQUGwpvHZWwsQGOx924G,https://api.spotify.com/v1/tracks/7JaQUGwpvHZWwsQGOx924G,https://api.spotify.com/v1/audio-analysis/7JaQUGwpvHZWwsQGOx924G,05:54,4.0,https://i.scdn.co/image/ab67616d0000b27322ccfb1a80ce064c9a9a1c85,2019-02-16,2019.0,False,21.0,https://p.scdn.co/mp3-preview/a0e74019b807f89702309fd1dfae0748eafbbce6?cid=484c8fc1e0c54669ac770f80991a8280,62,1212
Michael McDonald - I Keep Forgettin' (Every Time You're Near) [Soft Rock/Blue-eyed soul],I Keep Forgettin,Michael McDonald,I Keep Forgettin,Michael McDonald,I Keep Forgettin' (Every Time You're Near),Michael McDonald,"soft rock, blue-eyed soul","'mellow gold', 'soft rock', 'yacht rock'",Michael McDonald - I Keep Forgettin' (Every Time You're Near) (Official Music Video),2023-01-08,93.3,256.0,,youtube,,,,https://www.youtube.com/watch?v=9gbQVj4MR3M,9gbQVj4MR3M,5GvWrvLIqoHroq7YvO260M,48.5,-1386.5,E,-13.865,0.0,73.4,4.65,35.7,0.02,4.01,95,audio_features,spotify:track:5GvWrvLIqoHroq7YvO260M,https://api.spotify.com/v1/tracks/5GvWrvLIqoHroq7YvO260M,https://api.spotify.com/v1/audio-analysis/5GvWrvLIqoHroq7YvO260M,03:42,4.0,https://i.scdn.co/image/ab67616d0000b27332705f2d1763b4e63b8f2817,1982-08-03,1982.0,False,64.0,https://p.scdn.co/mp3-preview/e78d931bd2eae656298566565786ba5e04536767?cid=484c8fc1e0c54669ac770f80991a8280,56,433225
Trash Puppets -- Rainy Cloudy [skate-punk] (2023),Rainy Cloudy,Trash Puppets,Rainy Cloudy,Trash Puppets,Hard To Love - Live,Trash Puppets,skate-punk,,Trash Puppets - Rainy Cloudy,2023-01-07,23.4,253.0,,youtube,,,,https://www.youtube.com/watch?v=POSgdQ-TGno,POSgdQ-TGno,7Ew4haqqxqFmqB9bQvt2hK,94.2,-769.1,Db/C#,-7.691,1.0,47.6,10.9,1.05,0.96,12.2,102,audio_features,spotify:track:7Ew4haqqxqFmqB9bQvt2hK,https://api.spotify.com/v1/tracks/7Ew4haqqxqFmqB9bQvt2hK,https://api.spotify.com/v1/audio-analysis/7Ew4haqqxqFmqB9bQvt2hK,03:16,4.0,https://i.scdn.co/image/ab67616d0000b2734e5db77a9aebb88a8b4d2ca4,2022-08-01,2022.0,True,2.0,https://p.scdn.co/mp3-preview/f926e32c1ccb3ae243840ab0d7a61e6b8beb48b9?cid=484c8fc1e0c54669ac770f80991a8280,1,67
poolfire - Hope You Find [indie rock] (2022),Hope You Find,poolfire,Hope You Find,poolfire,Hope You Find,poolfire,indie rock,,poolfire - Hope You Find (Official Audio),2023-01-06,74.1,207.0,,youtube,,,,https://www.youtube.com/watch?v=dkQQ81VDVME,dkQQ81VDVME,11PSFesZ2yeHgHphclwh2F,66.6,-609.5,G,-6.095,1.0,82.6,8.25,1.04,27.7,10.9,111,audio_features,spotify:track:11PSFesZ2yeHgHphclwh2F,https://api.spotify.com/v1/tracks/11PSFesZ2yeHgHphclwh2F,https://api.spotify.com/v1/audio-analysis/11PSFesZ2yeHgHphclwh2F,03:15,4.0,https://i.scdn.co/image/ab67616d0000b2732904e4b6d1a56cc7c6979622,2022-07-27,2022.0,True,16.0,https://p.scdn.co/mp3-preview/5f5b5cf7af9a9d40667924f6a61a0a3c651f2aea?cid=484c8fc1e0c54669ac770f80991a8280,29,1569
Clyde McGee — Wood Chipped Chins [folk/blues] (2023),Wood Chipped Chins,Clyde McGee,Wood Chipped Chins || BackWhenFM,Clyde McGee,Lover Please,Clyde McPhatter,"folk, blues","'doo-wop', 'rhythm and blues', 'rock-and-roll', 'rockabilly'",Clyde McGee - “Wood Chipped Chins” || BackWhenFM,2023-01-06,96.1,191.0,,youtube,,,,https://www.youtube.com/watch?v=yOwJ8g4PU7Q,yOwJ8g4PU7Q,6xAKCAHwaAvw9rlwAv3lkD,76.3,-534.1,A,-5.341,1.0,71.4,22.2,76.6,0.0,14.7,84,audio_features,spotify:track:6xAKCAHwaAvw9rlwAv3lkD,https://api.spotify.com/v1/tracks/6xAKCAHwaAvw9rlwAv3lkD,https://api.spotify.com/v1/audio-analysis/6xAKCAHwaAvw9rlwAv3lkD,01:56,4.0,https://i.scdn.co/image/ab67616d0000b273140ecdc59c9f4d0fc03e0b90,2010-01-01,2010.0,False,48.0,,50,31867
Aesop Rock - None Shall Pass [hip-hop],None Shall Pass,Aesop Rock,None Shall Pass,Aesop Rock,None Shall Pass,Aesop Rock,hip hop,"'abstract hip hop', 'alternative hip hop', 'conscious hip hop', 'escape room', 'hip hop'",Aesop Rock - None Shall Pass (Official Video),2023-01-09,56.8,157.0,,youtube,,,,https://www.youtube.com/watch?v=KNrB6--KBqs,KNrB6--KBqs,207jvv3SLF6CGhVW2gOanq,68.3,-872.8,C,-8.728,1.0,70.7,6.81,18.1,0.11,10.8,116,audio_features,spotify:track:207jvv3SLF6CGhVW2gOanq,https://api.spotify.com/v1/tracks/207jvv3SLF6CGhVW2gOanq,https://api.spotify.com/v1/audio-analysis/207jvv3SLF6CGhVW2gOanq,04:03,4.0,https://i.scdn.co/image/ab67616d0000b273453eaf1e8feb981d6a807e0d,2007-08-27,2007.0,False,55.0,https://p.scdn.co/mp3-preview/d86969c988750667191dc025d84e146b7a6b082b?cid=484c8fc1e0c54669ac770f80991a8280,57,403360
Cambodian Rocks -- Jam 5 Kai Thiet [rock] (1996),Jam 5 Kai Thiet,Cambodian Rocks,,,Jam 5 Kai Thiet (Wait 5 More Months),Ros Serey Sothea,rock,"'cambodian rock', 'khmer'",Jam 5 Kai Thiet (Wait 5 More Months),2023-01-04,65.8,156.0,,youtube,,,,https://www.youtube.com/watch?v=Sbt1XNcpSno,Sbt1XNcpSno,5328A17BlIjJUTFfXiz8nR,73.6,-722.5,G,-7.225,1.0,36.8,3.13,0.03,76.9,9.69,161,audio_features,spotify:track:5328A17BlIjJUTFfXiz8nR,https://api.spotify.com/v1/tracks/5328A17BlIjJUTFfXiz8nR,https://api.spotify.com/v1/audio-analysis/5328A17BlIjJUTFfXiz8nR,03:23,4.0,https://i.scdn.co/image/ab67616d0000b2734d665adf47c67d173ea8d2df,1974-05-13,1974.0,False,22.0,https://p.scdn.co/mp3-preview/762841ec7e3c8413b25d07802a44e9eb2ee2d8a3?cid=484c8fc1e0c54669ac770f80991a8280,31,11033
Audioslave - Show Me How to Live [Alt Rock],Show Me How to,Audioslave,Show Me How to,Audioslave,Show Me How to Live,Audioslave,alt rock,"'alternative metal', 'alternative rock', 'nu metal', 'permanent wave', 'post-grunge', 'rock', 'supergroup'",Audioslave - Show Me How to Live (Official Video),2023-01-09,36.8,149.0,,youtube,,,,https://www.youtube.com/watch?v=vVXIK1xCRpY,vVXIK1xCRpY,1Qdnvn4XlmZANCVy3XjrQo,85.4,-386.8,A,-3.868,1.0,43.3,4.83,0.03,0.02,16.2,89,audio_features,spotify:track:1Qdnvn4XlmZANCVy3XjrQo,https://api.spotify.com/v1/tracks/1Qdnvn4XlmZANCVy3XjrQo,https://api.spotify.com/v1/audio-analysis/1Qdnvn4XlmZANCVy3XjrQo,04:37,4.0,https://i.scdn.co/image/ab67616d0000b273a7292b6863258e889b78d787,2002-11-17,2002.0,False,71.0,https://p.scdn.co/mp3-preview/981c598cce48ce205f3dedecf3be226bde547f2a?cid=484c8fc1e0c54669ac770f80991a8280,69,3994556
Live - Lightning Crashes [Alt Rock],Lightning Crashes,Live,Lightning Crashes,Live,Lightning Crashes,Live,alt rock,"'alternative metal', 'alternative rock', 'pop rock', 'post-grunge', 'rock'",Live - Lightning Crashes (Official Music Video),2023-01-09,42.7,147.0,,youtube,,,,https://www.youtube.com/watch?v=xsJ4O-nSveg,xsJ4O-nSveg,48iWbsOaBUAGzMdoSmqyg1,43.3,-925.6,B/Cb,-9.256,1.0,38.5,4.35,24.1,0.0,11.0,89,audio_features,spotify:track:48iWbsOaBUAGzMdoSmqyg1,https://api.spotify.com/v1/tracks/48iWbsOaBUAGzMdoSmqyg1,https://api.spotify.com/v1/audio-analysis/48iWbsOaBUAGzMdoSmqyg1,05:25,4.0,https://i.scdn.co/image/ab67616d0000b27323d8d82a798baa960fdb5070,1994-01-01,1994.0,False,69.0,,62,705564
"Prince & The Revolution - Raspberry Beret [Neo-psychedelia, psychedelic pop]",Raspberry Beret,Prince & The Revolution,Raspberry Beret,Prince & The Revolution,Raspberry Beret,Prince,"neo-psychedelia, psychedelic pop","'funk', 'funk rock', 'minneapolis sound', 'synth funk'",Prince & The Revolution - Raspberry Beret (Official Music Video),2023-01-08,91.0,136.0,,youtube,,,,https://www.youtube.com/watch?v=l7vRSu_wsNc,l7vRSu_wsNc,2I1W3hcSsPIsEJfD69pHrW,67.0,-1275.9,Db/C#,-12.759,1.0,76.1,4.38,21.0,0.04,6.84,120,audio_features,spotify:track:2I1W3hcSsPIsEJfD69pHrW,https://api.spotify.com/v1/tracks/2I1W3hcSsPIsEJfD69pHrW,https://api.spotify.com/v1/audio-analysis/2I1W3hcSsPIsEJfD69pHrW,03:35,4.0,https://i.scdn.co/image/ab67616d0000b273cc6495584fb0e2261ee95868,1985-04-22,1985.0,False,65.0,https://p.scdn.co/mp3-preview/cc81933679a7a1e7c86365075f3ccf481fdaf178?cid=484c8fc1e0c54669ac770f80991a8280,72,6508986
Peter Gabriel - Games Without Frontiers [Art Rock],Games Without Frontiers,Peter Gabriel,Games Without Frontiers,Peter Gabriel,Games Without Frontiers,Peter Gabriel,art rock,"'album rock', 'art rock', 'classic rock', 'mellow gold', 'new wave', 'new wave pop', 'permanent wave', 'rock', 'soft rock', 'symphonic rock'",Peter Gabriel - Games Without Frontiers,2023-01-09,91.5,132.0,,youtube,,,,https://www.youtube.com/watch?v=3xZmlUV8muY,3xZmlUV8muY,4TVnzZW8dIPjMjg5e8gKhH,71.7,-962.3,Gb/F#,-9.623,1.0,73.8,5.45,32.6,0.0,13.3,95,audio_features,spotify:track:4TVnzZW8dIPjMjg5e8gKhH,https://api.spotify.com/v1/tracks/4TVnzZW8dIPjMjg5e8gKhH,https://api.spotify.com/v1/audio-analysis/4TVnzZW8dIPjMjg5e8gKhH,04:06,4.0,https://i.scdn.co/image/ab67616d0000b27341be5864ba996782995571f6,1980-05-23,1980.0,False,45.0,,65,1446161
Gianni Fallabrino - Attesa [Jazz] (1980),Attesa,Gianni Fallabrino,Attesa,Gianni Fallabrino,Attesa jazz,Roberto Pregadio,jazz,'vintage italian soundtrack',"Gianni Fallabrino  - Attesa [Italy] Jazz, Ambient (1980)",2023-01-09,4.36,127.0,,youtube,,,,https://www.youtube.com/watch?v=_TkIPKsbCbg,_TkIPKsbCbg,4QMgMxJnmsdq8eQZAncOJZ,19.0,-1931.2,Eb,-19.312,1.0,23.3,3.26,93.4,62.8,9.32,93,audio_features,spotify:track:4QMgMxJnmsdq8eQZAncOJZ,https://api.spotify.com/v1/tracks/4QMgMxJnmsdq8eQZAncOJZ,https://api.spotify.com/v1/audio-analysis/4QMgMxJnmsdq8eQZAncOJZ,01:22,4.0,https://i.scdn.co/image/ab67616d0000b27373ea77c87e18fee265c52e9a,1971-01-01,1971.0,False,29.0,,31,2012
Afroman - Will you help me repair my door? [R&B],Will you help me repair my door?,Afroman,Will You Help Me Repair My Door,Afroman,Palmdale,Afroman,r&b,"'comedy rap', 'gangster rap', 'hip hop', 'rap'",Afroman - Will You Help Me Repair My Door (OFFICIAL MUSIC VIDEO),2023-01-09,21.6,127.0,,youtube,,,,https://www.youtube.com/watch?v=oponIfu5L3Y,oponIfu5L3Y,3MQmQowCMVhepBDEsuBXIm,52.0,-684.9,D,-6.849,1.0,97.4,34.0,55.5,0.0,4.55,117,audio_features,spotify:track:3MQmQowCMVhepBDEsuBXIm,https://api.spotify.com/v1/tracks/3MQmQowCMVhepBDEsuBXIm,https://api.spotify.com/v1/audio-analysis/3MQmQowCMVhepBDEsuBXIm,06:40,4.0,https://i.scdn.co/image/ab67616d0000b273734b1164a9e0faa980ce1b92,2001-08-28,2001.0,True,54.0,https://p.scdn.co/mp3-preview/372dfd8d3a7b47e13682342bd4225d87315a66cf?cid=484c8fc1e0c54669ac770f80991a8280,62,387417
Aesop Rock - Long Legged Larry [hip-hop],Long Legged Larry,Aesop Rock,Long Legged Larry,Aesop Rock,Long Legged Larry,Aesop Rock,hip hop,"'abstract hip hop', 'alternative hip hop', 'conscious hip hop', 'escape room', 'hip hop'",Aesop Rock - Long Legged Larry (Official Video),2023-01-08,73.3,121.0,,youtube,,,,https://www.youtube.com/watch?v=us3pCHd8PLs,us3pCHd8PLs,0OX9lzZxKlbtn3c2d97uqz,83.0,-546.7,F,-5.467,0.0,75.3,29.9,3.92,0.0,6.24,85,audio_features,spotify:track:0OX9lzZxKlbtn3c2d97uqz,https://api.spotify.com/v1/tracks/0OX9lzZxKlbtn3c2d97uqz,https://api.spotify.com/v1/audio-analysis/0OX9lzZxKlbtn3c2d97uqz,03:17,4.0,https://i.scdn.co/image/ab67616d0000b27363c24ce03c7abc39809b5ccb,2021-03-19,2021.0,True,46.0,https://p.scdn.co/mp3-preview/2f3da9898b285d701e660a9eb565a01806a1de78?cid=484c8fc1e0c54669ac770f80991a8280,57,403360
Überdruck Boys - Blue Pill (DJ Mass In Orbit Mix) [hardtrance] (2004),Blue Pill,Überdruck Boys,Blue pill,Uberdruck Boys,Blue Pills,Lithe,hardtrance,'trap soul',Uberdruck Boys - Blue pill (Dj Mass in Orbit mix).wmv,2023-01-09,31.9,106.0,,youtube,,,,https://www.youtube.com/watch?v=ywSAHYK-DP4,ywSAHYK-DP4,7z73QkaTu6kkyq3KxF9oCJ,26.8,-1198.2,Gb/F#,-11.982,0.0,85.1,8.14,31.8,0.06,10.6,90,audio_features,spotify:track:7z73QkaTu6kkyq3KxF9oCJ,https://api.spotify.com/v1/tracks/7z73QkaTu6kkyq3KxF9oCJ,https://api.spotify.com/v1/audio-analysis/7z73QkaTu6kkyq3KxF9oCJ,02:18,4.0,https://i.scdn.co/image/ab67616d0000b2732bd5e70581040b5bfb07268a,2020-11-27,2020.0,True,59.0,https://p.scdn.co/mp3-preview/eb9e28031957921b0b7c79005bedda55019e0524?cid=484c8fc1e0c54669ac770f80991a8280,61,27843
Z-Rock Hawaii -- The Meadow [Noise Rock/Pop] (1996),The Meadow,Z-Rock Hawaii,The Meadow,Z-Rock Hawaii,The Meadow,Keypling,"noise rock, pop",,Z-Rock Hawaii - The Meadow,2023-01-06,21.9,106.0,,youtube,,,,https://www.youtube.com/watch?v=iJyd9Dx6o94,iJyd9Dx6o94,5XrypbHnimUVOS0yCYSAWL,8.42,-2503.1,Bb,-25.031,0.0,37.7,5.32,98.1,85.0,8.6,131,audio_features,spotify:track:5XrypbHnimUVOS0yCYSAWL,https://api.spotify.com/v1/tracks/5XrypbHnimUVOS0yCYSAWL,https://api.spotify.com/v1/audio-analysis/5XrypbHnimUVOS0yCYSAWL,02:36,3.0,https://i.scdn.co/image/ab67616d0000b273a1171072cc7e18479096ad70,2018-11-08,2018.0,False,26.0,https://p.scdn.co/mp3-preview/37a428164f570d04473e0e57554b63432e1b5dd8?cid=484c8fc1e0c54669ac770f80991a8280,15,114
Suicidal Tendencies - How Will I Laugh Tomorrow [Crossover Thrash] (1988),How Will I Laugh Tomorrow,Suicidal Tendencies,,,How Will I Laugh Tomorrow,Suicidal Tendencies,crossover thrash,"'alternative metal', 'california hardcore', 'crossover thrash', 'funk metal', 'hardcore punk', 'metal', 'nu metal', 'old school thrash', 'punk', 'rap rock', 'rock', 'thrash metal'",How Will I Laugh Tomorrow,2023-01-09,54.4,102.0,,youtube,,,,https://www.youtube.com/watch?v=bLjK3Snghi4,bLjK3Snghi4,0pwF4WOZdvnXpSwBZXp1iA,80.3,-1219.7,A,-12.197,0.0,25.1,4.23,1.31,0.01,16.3,100,audio_features,spotify:track:0pwF4WOZdvnXpSwBZXp1iA,https://api.spotify.com/v1/tracks/0pwF4WOZdvnXpSwBZXp1iA,https://api.spotify.com/v1/audio-analysis/0pwF4WOZdvnXpSwBZXp1iA,06:43,4.0,https://i.scdn.co/image/ab67616d0000b27365c0f381852055d9f40c01b6,1988-09-02,1988.0,False,40.0,https://p.scdn.co/mp3-preview/69c92caa1f85770f4facec45f097594bd3581638?cid=484c8fc1e0c54669ac770f80991a8280,54,603200
Ugly Kid Joe - Everything About You [Alt Rock],Everything About You,Ugly Kid Joe,Everything About You,Ugly Kid Joe,Everything About You,Ugly Kid Joe,alt rock,"'funk metal', 'funk rock', 'glam metal', 'hard rock', 'rock'",Ugly Kid Joe - Everything About You (Official Music Video),2023-01-08,74.3,94.0,,youtube,,,,https://www.youtube.com/watch?v=byEGjLU2egA,byEGjLU2egA,3YgkTpILtOWngT7PVHg8kO,79.0,-794.3,D,-7.943,1.0,52.2,6.27,0.94,0.0,8.81,122,audio_features,spotify:track:3YgkTpILtOWngT7PVHg8kO,https://api.spotify.com/v1/tracks/3YgkTpILtOWngT7PVHg8kO,https://api.spotify.com/v1/audio-analysis/3YgkTpILtOWngT7PVHg8kO,04:20,4.0,https://i.scdn.co/image/ab67616d0000b27359afd13f40fa2b0aab89bb0e,1992-01-01,1992.0,True,60.0,https://p.scdn.co/mp3-preview/7bcaf25a4ff0c349eae3728e40f3c7f6f33a6ca2?cid=484c8fc1e0c54669ac770f80991a8280,54,227917
The Smiths - How Soon Is Now? [Indie/Alternative Rock],How Soon Is Now?,The Smiths,How Soon Is Now?,The Smiths,How Soon Is Now? - 2011 Remaster,The Smiths,"indie, alternative rock","'madchester', 'new wave', 'permanent wave', 'rock', 'uk post-punk'",The Smiths - How Soon Is Now? (Official Music Video),2023-01-08,72.5,89.0,,youtube,,,,https://www.youtube.com/watch?v=hnpILIIo9ek,hnpILIIo9ek,1YrnDTqvcnUKxAIeXyaEmU,93.0,-676.0,B/Cb,-6.76,1.0,39.8,6.15,0.09,12.1,8.74,190,audio_features,spotify:track:1YrnDTqvcnUKxAIeXyaEmU,https://api.spotify.com/v1/tracks/1YrnDTqvcnUKxAIeXyaEmU,https://api.spotify.com/v1/audio-analysis/1YrnDTqvcnUKxAIeXyaEmU,06:48,4.0,https://i.scdn.co/image/ab67616d0000b273786b44c75ebf915866523f5b,1984-01-01,1984.0,False,72.0,https://p.scdn.co/mp3-preview/b41c0265f2ad08079a61530e09fb5e38dd55fde9?cid=484c8fc1e0c54669ac770f80991a8280,76,3784124
Angry Zeta -- Malparido [Folk punk] (2023),Malparido,Angry Zeta,Malparido - DIY Sessions,Angry Zeta,Malparido,Angry Zeta,folk punk,,Angry Zeta - Malparido - DIY Sessions,2023-01-07,83.1,83.0,,youtube,,,,https://www.youtube.com/watch?v=a3O2ZMYdeB8,a3O2ZMYdeB8,3uQUDSi7JfPvDV4yeYFuLL,91.1,-539.8,E,-5.398,1.0,50.8,22.9,14.2,0.0,11.0,116,audio_features,spotify:track:3uQUDSi7JfPvDV4yeYFuLL,https://api.spotify.com/v1/tracks/3uQUDSi7JfPvDV4yeYFuLL,https://api.spotify.com/v1/audio-analysis/3uQUDSi7JfPvDV4yeYFuLL,02:16,4.0,https://i.scdn.co/image/ab67616d0000b273a4d72170c7894f87fa6693f6,2022-09-16,2022.0,False,8.0,https://p.scdn.co/mp3-preview/23dfd8bba827c96902e9ef36ca31a43588874e2c?cid=484c8fc1e0c54669ac770f80991a8280,13,690
Brand New - Degausser [Rock] (2006),Degausser,Brand New,,,Degausser,Brand New,rock,"'emo', 'pop punk'",Degausser,2023-01-08,16.4,82.0,,youtube,,,,https://www.youtube.com/watch?v=GItBDuFa-wk,GItBDuFa-wk,53Y6CfiSLbZyHpY9Cm39WM,81.4,-315.7,E,-3.157,0.0,55.9,5.44,21.7,0.0,9.68,143,audio_features,spotify:track:53Y6CfiSLbZyHpY9Cm39WM,https://api.spotify.com/v1/tracks/53Y6CfiSLbZyHpY9Cm39WM,https://api.spotify.com/v1/audio-analysis/53Y6CfiSLbZyHpY9Cm39WM,05:24,4.0,https://i.scdn.co/image/ab67616d0000b2739f8ac0f160a5141a077b41c1,2006-01-01,2006.0,False,48.0,,58,682133
Peacebone -- Why Won't You Let Me Be Yours? [Rock] (2022),Why Wont You Let Me Be Yours?,Peacebone,Why Wont You Let Me Be Yours?,Peacebone,Why Won't You Let Me Be Yours?,Peacebone,rock,,Peacebone - Why Won't You Let Me Be Yours? (Official Visualizer),2023-01-07,33.0,79.0,,youtube,,,,https://www.youtube.com/watch?v=qUY9KWpUq0E,qUY9KWpUq0E,6gJpWuIHg6KPDWVhj0TVmY,62.1,-764.3,Db/C#,-7.643,1.0,37.9,3.82,0.33,0.0,10.3,159,audio_features,spotify:track:6gJpWuIHg6KPDWVhj0TVmY,https://api.spotify.com/v1/tracks/6gJpWuIHg6KPDWVhj0TVmY,https://api.spotify.com/v1/audio-analysis/6gJpWuIHg6KPDWVhj0TVmY,03:26,4.0,https://i.scdn.co/image/ab67616d0000b2736cdac7db76119390f35a736e,2022-12-02,2022.0,False,33.0,https://p.scdn.co/mp3-preview/0870ebf9cb81d49b942e5a80a5226a3fee36fbc3?cid=484c8fc1e0c54669ac770f80991a8280,18,596
Traffic - The Low Spark Of High-Heeled Boys [Progressive Rock],The Low Spark Of High-Heeled Boys,Traffic,Heeled Boys,The Low Spark Of High,The Low Spark Of High-Heeled Boys,Traffic,progressive rock,"'album rock', 'art rock', 'blues rock', 'british blues', 'classic rock', 'country rock', 'electric blues', 'folk', 'folk rock', 'hard rock', 'jam band', 'mellow gold', 'progressive rock', 'psychedelic rock', 'rock', 'roots rock', 'soft rock', 'symphonic rock'",The Low Spark Of High-Heeled Boys,2023-01-09,61.0,75.0,,youtube,,,,https://www.youtube.com/watch?v=vDGorIWYz-A,vDGorIWYz-A,1yW6y8RufwB4WEAQeip0tx,45.9,-1284.4,A,-12.844,0.0,52.8,2.91,7.28,0.14,5.47,107,audio_features,spotify:track:1yW6y8RufwB4WEAQeip0tx,https://api.spotify.com/v1/tracks/1yW6y8RufwB4WEAQeip0tx,https://api.spotify.com/v1/audio-analysis/1yW6y8RufwB4WEAQeip0tx,11:41,4.0,https://i.scdn.co/image/ab67616d0000b27335f303dac15ef3f9d3a48d00,1971-11-01,1971.0,False,47.0,,50,526514
Radio Birdman -- Descent Into The Maelstrom [rock] (1977),Descent Into The Maelstrom,Radio Birdman,,,Descent Into The Maelstrom,Radio Birdman,rock,"'australian alternative rock', 'australian rock', 'garage rock', 'protopunk', 'pub rock', ""punk 'n' roll"", 'punk blues'",Radio Birdman   DESCENT INTO THE MAELSTROM,2023-01-06,49.1,71.0,,youtube,,,,https://www.youtube.com/watch?v=NBJWykz3pZw,NBJWykz3pZw,1YSSbPiofbV19Qcn1YvzCv,93.8,-590.6,Db/C#,-5.906,1.0,43.8,11.3,0.0,16.4,17.3,99,audio_features,spotify:track:1YSSbPiofbV19Qcn1YvzCv,https://api.spotify.com/v1/tracks/1YSSbPiofbV19Qcn1YvzCv,https://api.spotify.com/v1/audio-analysis/1YSSbPiofbV19Qcn1YvzCv,04:24,4.0,https://i.scdn.co/image/ab67616d0000b2733426d153d268713bff9ab9fc,2001-07-17,2001.0,False,22.0,https://p.scdn.co/mp3-preview/0e5f754bdb387847c02237f9483b31b6f9e64604?cid=484c8fc1e0c54669ac770f80991a8280,32,34470
Crystal Castles - Vanished [Synthpop/Electropop],Vanished,Crystal Castles,Vanished,Crystal Castles,Vanished,Crystal Castles,"synthpop, electropop","'alternative dance', 'bitpop', 'digital hardcore', 'indietronica', 'neo-synthpop', 'new rave', 'nintendocore'",Crystal Castles - Vanished,2023-01-09,64.1,60.0,,youtube,,,,https://www.youtube.com/watch?v=6e6Hj7MwWaI,6e6Hj7MwWaI,0Q2YGyMeeZMAvzebtxoQ5f,86.8,-664.4,C,-6.644,0.0,71.3,3.05,0.21,0.01,22.5,119,audio_features,spotify:track:0Q2YGyMeeZMAvzebtxoQ5f,https://api.spotify.com/v1/tracks/0Q2YGyMeeZMAvzebtxoQ5f,https://api.spotify.com/v1/audio-analysis/0Q2YGyMeeZMAvzebtxoQ5f,04:02,4.0,https://i.scdn.co/image/ab67616d0000b273ceb24a1906254750e82c1db7,2008-03-18,2008.0,False,70.0,https://p.scdn.co/mp3-preview/f27f6d134791cebf98075936d9dde4e8c05e7839?cid=484c8fc1e0c54669ac770f80991a8280,70,1414276
And Also the Trees - Virus Meadow [Gothic Rock/Post-Punk] (1986),Virus Meadow,And Also the Trees,Virus Meadow,And Also The Trees,Virus Meadow,And Also The Trees,"gothic rock, post-punk","'dark wave', 'gothic post-punk', 'gothic rock'",And Also The Trees - Virus Meadow,2023-01-10,11.2,39.0,,youtube,,,,https://www.youtube.com/watch?v=jdLEy1-GytQ,jdLEy1-GytQ,08WPCyqphnp2HdxSuoxj7J,30.5,-1021.1,B/Cb,-10.211,0.0,44.9,3.06,88.5,2.84,9.52,145,audio_features,spotify:track:08WPCyqphnp2HdxSuoxj7J,https://api.spotify.com/v1/tracks/08WPCyqphnp2HdxSuoxj7J,https://api.spotify.com/v1/audio-analysis/08WPCyqphnp2HdxSuoxj7J,04:33,4.0,https://i.scdn.co/image/ab67616d0000b273c8536ca1278989a382e05564,2009-06-08,2009.0,False,22.0,https://p.scdn.co/mp3-preview/ff81a6ab65fc49247d78713ce48ac1186e8f66eb?cid=484c8fc1e0c54669ac770f80991a8280,24,16403
Yazoo - Only You [Synthpop],Only You,Yazoo,Only You,Yazoo,Only You,Yazoo,synthpop,"'new romantic', 'new wave', 'new wave pop', 'synthpop'",Yazoo - Only You (Official Music Video),2023-01-09,85.5,38.0,,youtube,,,,https://www.youtube.com/watch?v=a4g5MeonGYM,a4g5MeonGYM,3mGwufkovVPrzsJaXWg8PU,34.7,-1669.1,A,-16.691,1.0,73.1,3.98,31.0,0.0,9.46,105,audio_features,spotify:track:3mGwufkovVPrzsJaXWg8PU,https://api.spotify.com/v1/tracks/3mGwufkovVPrzsJaXWg8PU,https://api.spotify.com/v1/audio-analysis/3mGwufkovVPrzsJaXWg8PU,03:15,4.0,https://i.scdn.co/image/ab67616d0000b27357274f85fc166c07cf73eecf,1982-01-01,1982.0,False,56.0,https://p.scdn.co/mp3-preview/67028a92a69bbdc20d49d141ab82e40b33ebc6a2?cid=484c8fc1e0c54669ac770f80991a8280,58,597999
Guns N Roses - Welcome to the Jungle [rock],Welcome to the Jungle,Guns N Roses,,,Welcome To The Jungle,Guns N' Roses,rock,"'glam metal', 'hard rock', 'rock'",Guns N' Roses - Welcome To The Jungle,2023-01-09,31.6,36.0,,youtube,,,,https://www.youtube.com/watch?v=o1tj2zJ2Wvg,o1tj2zJ2Wvg,0G21yYKMZoHa30cYVi1iA8,98.7,-448.5,Ab,-4.485,1.0,45.3,8.89,1.95,28.3,26.8,123,audio_features,spotify:track:0G21yYKMZoHa30cYVi1iA8,https://api.spotify.com/v1/tracks/0G21yYKMZoHa30cYVi1iA8,https://api.spotify.com/v1/audio-analysis/0G21yYKMZoHa30cYVi1iA8,04:33,4.0,https://i.scdn.co/image/ab67616d0000b27321ebf49b3292c3f0f575f0f5,1987-07-21,1987.0,True,75.0,,80,27182352
Toe - My Little Wish [Math Rock] (2015),My Little Wish,Toe,My Little Wish,,My Little Wish,toe,math rock,"'canadian contemporary r&b', 'canadian pop', 'pop'","""My Little Wish"" by toe",2023-01-04,67.4,35.0,,youtube,,,,https://www.youtube.com/watch?v=JOvy2ivZDOE,JOvy2ivZDOE,6c61vhIrDmj7pIOCRYD00X,71.8,-775.2,B/Cb,-7.752,0.0,24.1,3.68,0.2,90.7,9.31,172,audio_features,spotify:track:6c61vhIrDmj7pIOCRYD00X,https://api.spotify.com/v1/tracks/6c61vhIrDmj7pIOCRYD00X,https://api.spotify.com/v1/audio-analysis/6c61vhIrDmj7pIOCRYD00X,03:59,4.0,https://i.scdn.co/image/ab67616d0000b273ee1cc397cf68e16b988001d3,2015-07-24,2015.0,False,41.0,https://p.scdn.co/mp3-preview/57a092d2765dbf21843c9e8b52a5ee1370698b93?cid=484c8fc1e0c54669ac770f80991a8280,97,56158180
Digable Planets - Nickel Bags of Funk [Hip Hop],Nickel Bags of Funk,Digable Planets,Nickel Bags,Digable Planets,Nickel Bags,Digable Planets,hip hop,"'afrofuturism', 'alternative hip hop', 'east coast hip hop', 'hardcore hip hop', 'hip hop', 'jazz rap', 'psychedelic hip hop'",Digable Planets - Nickel Bags (of Funk),2023-01-09,80.6,35.0,,youtube,,,,https://www.youtube.com/watch?v=QpWVn7T6qGg,QpWVn7T6qGg,3fmcUdEviDS838lC5rNRGi,36.7,-1844.4,D,-18.444,1.0,91.4,30.3,31.5,0.0,9.07,93,audio_features,spotify:track:3fmcUdEviDS838lC5rNRGi,https://api.spotify.com/v1/tracks/3fmcUdEviDS838lC5rNRGi,https://api.spotify.com/v1/audio-analysis/3fmcUdEviDS838lC5rNRGi,03:18,4.0,https://i.scdn.co/image/ab67616d0000b273c9f6a742f2337f938e89f599,1993-01-01,1993.0,False,45.0,,52,358085
OMC - How Bizarre [Pop Hop],How Bizarre,OMC,How Bizarre,OMC,How Bizarre,OMC,pop hop,"'nz pop', 'pop rock'",OMC - How Bizarre (Official Music Video),2023-01-10,82.4,34.0,,youtube,,,,https://www.youtube.com/watch?v=C2cMG33mWVY,C2cMG33mWVY,0wJyFu6JHwUoKQN5X3uzVe,67.6,-773.7,C,-7.737,1.0,78.3,4.69,26.9,0.0,50.0,124,audio_features,spotify:track:0wJyFu6JHwUoKQN5X3uzVe,https://api.spotify.com/v1/tracks/0wJyFu6JHwUoKQN5X3uzVe,https://api.spotify.com/v1/audio-analysis/0wJyFu6JHwUoKQN5X3uzVe,03:44,4.0,https://i.scdn.co/image/ab67616d0000b273cdf525292bca251e8a789ba5,1996-01-01,1996.0,False,59.0,,51,22685
SNAP - Rhythm Is A Dancer [1990s Dance],Rhythm Is A Dancer,SNAP,,,Rhythm Is A Dancer,SNAP!,1990s dance,"'diva house', 'eurodance', 'europop', 'german techno', 'hip house'",Rhythm is a dancer,2023-01-09,86.1,33.0,,youtube,,,,https://www.youtube.com/watch?v=WMPM1q_Uyxc,WMPM1q_Uyxc,1IWzfq3sLedGQ3fb2hAMBA,65.1,-1491.6,A,-14.916,0.0,75.7,3.33,21.4,26.1,9.02,124,audio_features,spotify:track:1IWzfq3sLedGQ3fb2hAMBA,https://api.spotify.com/v1/tracks/1IWzfq3sLedGQ3fb2hAMBA,https://api.spotify.com/v1/audio-analysis/1IWzfq3sLedGQ3fb2hAMBA,05:32,4.0,https://i.scdn.co/image/ab67616d0000b273f2bb243604066dc0b62b66a1,1992-01-01,1992.0,False,68.0,https://p.scdn.co/mp3-preview/c768e756e10704a13c4371a3e35b68612e07b111?cid=484c8fc1e0c54669ac770f80991a8280,60,178355
Joitoi - Sensation Invitation [New Wave / Synth-Rock] (1980),Sensation Invitation,Joitoi,Sensation Invitation,Joitoi,Sensation,Meric,"new wave, synth-rock",,Joitoi - Sensation Invitation [198X],2023-01-08,59.9,32.0,,youtube,,,,https://www.youtube.com/watch?v=oh75FecYwCg,oh75FecYwCg,6jFXAkPrSE3dD3VyypzbTZ,88.0,-413.5,F,-4.135,1.0,61.3,3.38,2.37,0.0,31.2,119,audio_features,spotify:track:6jFXAkPrSE3dD3VyypzbTZ,https://api.spotify.com/v1/tracks/6jFXAkPrSE3dD3VyypzbTZ,https://api.spotify.com/v1/audio-analysis/6jFXAkPrSE3dD3VyypzbTZ,02:32,4.0,https://i.scdn.co/image/ab67616d0000b2735ec38383b4c3009ccdc4200d,2022-07-29,2022.0,False,45.0,https://p.scdn.co/mp3-preview/4fdbae5f4b25e1cb998f6f776d3f95c15a25cead?cid=484c8fc1e0c54669ac770f80991a8280,50,3016
Alanis Morissette - Hand In My Pocket [Rock],Hand In My Pocket,Alanis Morissette,Hand In My Pocket,Alanis Morissette,Hand in My Pocket - 2015 Remaster,Alanis Morissette,rock,"'canadian pop', 'canadian singer-songwriter', 'pop rock', 'singer-songwriter'",Alanis Morissette - Hand In My Pocket (Official 4K Music Video),2023-01-10,66.8,31.0,,youtube,,,,https://www.youtube.com/watch?v=CUjIY_XxF1g,CUjIY_XxF1g,2lE7oRoKssULAtbWViL385,65.5,-830.0,C,-8.3,1.0,65.7,2.48,13.5,0.3,10.2,92,audio_features,spotify:track:2lE7oRoKssULAtbWViL385,https://api.spotify.com/v1/tracks/2lE7oRoKssULAtbWViL385,https://api.spotify.com/v1/audio-analysis/2lE7oRoKssULAtbWViL385,03:42,4.0,https://i.scdn.co/image/ab67616d0000b273242e643ea07118ecf677a6ef,1995-01-01,1995.0,False,68.0,https://p.scdn.co/mp3-preview/3216efd1e87f2bdbfaf260052d54f95c49c9bcee?cid=484c8fc1e0c54669ac770f80991a8280,67,2413609
Eurythmics - Sweet Dreams (Are Made of This) [Synth-pop],Sweet Dreams,Eurythmics,Sweet Dreams,"Eurythmics, Annie Lennox, Dave Stewart",Sweet Dreams (Are Made of This) - Remastered,Eurythmics,synth-pop,"'art rock', 'dance rock', 'europop', 'mellow gold', 'new romantic', 'new wave', 'new wave pop', 'rock', 'soft rock', 'sophisti-pop', 'synthpop'","Eurythmics, Annie Lennox, Dave Stewart - Sweet Dreams (Are Made Of This) (Official Video)",2023-01-10,87.5,30.0,,youtube,,,,https://www.youtube.com/watch?v=qeMFqkcPYcg,qeMFqkcPYcg,1TfqLAPs4K3s2rJMoCokcS,71.1,-749.8,C,-7.498,0.0,69.2,3.17,22.5,0.0,12.0,125,audio_features,spotify:track:1TfqLAPs4K3s2rJMoCokcS,https://api.spotify.com/v1/tracks/1TfqLAPs4K3s2rJMoCokcS,https://api.spotify.com/v1/audio-analysis/1TfqLAPs4K3s2rJMoCokcS,03:36,4.0,https://i.scdn.co/image/ab67616d0000b273b3994c94dfb241923664bb4d,1983-01-04,1983.0,False,83.0,https://p.scdn.co/mp3-preview/13d0c650448ee69e804d45741a2ee309f9b5a7e3?cid=484c8fc1e0c54669ac770f80991a8280,69,1643407
Thin Lizzy - The Boys Are Back in Town [rock],The Boys Are Back in Town,Thin Lizzy,,,The Boys Are Back In Town,Thin Lizzy,rock,"'album rock', 'art rock', 'blues rock', 'classic rock', 'hard rock', 'irish rock', 'metal', 'rock'",The Boys Are Back In Town,2023-01-10,76.8,25.0,,youtube,,,,https://www.youtube.com/watch?v=nN120kCiVyQ,nN120kCiVyQ,43DeSV93pJPT4lCZaWZ6b1,70.6,-980.3,Ab,-9.803,1.0,44.5,4.61,23.4,0.03,20.5,80,audio_features,spotify:track:43DeSV93pJPT4lCZaWZ6b1,https://api.spotify.com/v1/tracks/43DeSV93pJPT4lCZaWZ6b1,https://api.spotify.com/v1/audio-analysis/43DeSV93pJPT4lCZaWZ6b1,04:26,4.0,https://i.scdn.co/image/ab67616d0000b273e8f69ab903901064b1f19249,1976-01-01,1976.0,False,75.0,,63,1110323
Jade Cicada -- Bamboozled [electronica/bass/neurohop] (2023),Bamboozled,Jade Cicada,,,Bamboozled,Jade Cicada,"electronica, bass, neurohop",'experimental bass',Bamboozled,2023-01-05,9.28,24.0,,youtube,,,,https://www.youtube.com/watch?v=pD6BRptuKU4,pD6BRptuKU4,5PWSV33vWI9VBJR34zV61k,90.9,-97.0,B/Cb,-0.97,0.0,52.4,8.53,0.83,29.6,14.0,79,audio_features,spotify:track:5PWSV33vWI9VBJR34zV61k,https://api.spotify.com/v1/tracks/5PWSV33vWI9VBJR34zV61k,https://api.spotify.com/v1/audio-analysis/5PWSV33vWI9VBJR34zV61k,03:42,4.0,https://i.scdn.co/image/ab67616d0000b27385f96b8bac3be1bc3e336945,2023-01-01,2023.0,False,41.0,https://p.scdn.co/mp3-preview/45255f9ae87e21ec50f7355caa273635abdeea0b?cid=484c8fc1e0c54669ac770f80991a8280,43,35597
Antena -- 入道雲 (Nyuudougumo) [J-pop] (2019),入道雲,Antena,,,入道雲,ANTENA,j-pop,'electro-pop francais',ANTENA「入道雲」Music Video,2023-01-06,61.4,20.0,,youtube,,,,https://www.youtube.com/watch?v=ell1_U6xh-A,ell1_U6xh-A,11biSjLBbHW3C0Iu6CFmre,60.3,-744.1,F,-7.441,1.0,76.9,2.84,9.7,0.0,10.5,112,audio_features,spotify:track:11biSjLBbHW3C0Iu6CFmre,https://api.spotify.com/v1/tracks/11biSjLBbHW3C0Iu6CFmre,https://api.spotify.com/v1/audio-analysis/11biSjLBbHW3C0Iu6CFmre,04:28,4.0,https://i.scdn.co/image/ab67616d0000b273192cc7e3b4d55cc7d09d28a8,2020-01-22,2020.0,False,8.0,https://p.scdn.co/mp3-preview/a08081a5e623308d640032eacb6dbae7ebfc1624?cid=484c8fc1e0c54669ac770f80991a8280,33,14645
Blind Boy Paxton -- When an Ugly Woman Tells You No [Blues] (2014),When an Ugly Woman Tells You No,Blind Boy Paxton,When an Ugly Woman Tells You No - Live at Fur Peace Ranch,Blind Boy Paxton,Dirtiest Little Darling,Blind Boy Paxton,blues,'modern old-time',Blind Boy Paxton - When an Ugly Woman Tells You No - Live at Fur Peace Ranch,2023-01-08,70.5,20.0,,youtube,,,,https://www.youtube.com/watch?v=C5FsdMky0J8,C5FsdMky0J8,4iZMmiAM3X720dVFxGTwu7,38.0,-875.2,A,-8.752,1.0,74.2,4.06,89.4,39.5,8.67,97,audio_features,spotify:track:4iZMmiAM3X720dVFxGTwu7,https://api.spotify.com/v1/tracks/4iZMmiAM3X720dVFxGTwu7,https://api.spotify.com/v1/audio-analysis/4iZMmiAM3X720dVFxGTwu7,03:32,4.0,https://i.scdn.co/image/ab67616d0000b273d7ded173085c9096d7c9b304,2012-04-30,2012.0,False,11.0,https://p.scdn.co/mp3-preview/9b3f2433e5c0eb6f5e7acb52db131891b7650f0a?cid=484c8fc1e0c54669ac770f80991a8280,25,5183
Rob Base & DJ EZ Rock - It Takes Two [Hip Hop],It Takes Two,Rob Base & DJ EZ Rock,It Takes Two,Rob Base & DJ EZ Rock,It Takes Two,Rob Base & DJ EZ Rock,hip hop,"'electro', 'harlem hip hop', 'hip house'",Rob Base & DJ EZ Rock - It Takes Two,2023-01-09,65.1,20.0,,youtube,,,,https://www.youtube.com/watch?v=phOW-CZJWT0,phOW-CZJWT0,0gFB5H3pHN13ERt2FyMuWi,72.3,-971.9,Db/C#,-9.719,1.0,80.0,15.8,0.23,0.0,26.0,111,audio_features,spotify:track:0gFB5H3pHN13ERt2FyMuWi,https://api.spotify.com/v1/tracks/0gFB5H3pHN13ERt2FyMuWi,https://api.spotify.com/v1/audio-analysis/0gFB5H3pHN13ERt2FyMuWi,05:00,4.0,https://i.scdn.co/image/ab67616d0000b2738326ebde417fbd72f39b2525,1988-05-05,1988.0,False,60.0,https://p.scdn.co/mp3-preview/4492cab7315df45890af014648fb0ef36eaed8a1?cid=484c8fc1e0c54669ac770f80991a8280,46,164278
Malla -- Sabrina [electropop] (2021),Sabrina,Malla,,,Sabrina,Malla,electropop,'country dawn',Sabrina,2023-01-06,55.0,18.0,,youtube,,,,https://www.youtube.com/watch?v=XcaeonwvLxI,XcaeonwvLxI,2SNF3hsOHrCiGM8nH8ps5H,84.5,-851.7,C,-8.517,1.0,62.0,7.49,4.4,65.1,8.98,120,audio_features,spotify:track:2SNF3hsOHrCiGM8nH8ps5H,https://api.spotify.com/v1/tracks/2SNF3hsOHrCiGM8nH8ps5H,https://api.spotify.com/v1/audio-analysis/2SNF3hsOHrCiGM8nH8ps5H,04:24,4.0,https://i.scdn.co/image/ab67616d0000b2737e7f561e81e8719eb686f360,2021-04-16,2021.0,False,29.0,https://p.scdn.co/mp3-preview/a396decf79351f01b84426edd3cf5e735d4732c4?cid=484c8fc1e0c54669ac770f80991a8280,31,6061
okaywill - Tomorrow [Indie Pop / Pop] (2022),Tomorrow,okaywill,,,Tomorrow,okaywill,"indie pop, pop",,Tomorrow,2023-01-08,45.3,17.0,,youtube,,,,https://www.youtube.com/watch?v=pCfaj2hIL04,pCfaj2hIL04,6AWssBCESVyeRIlaHzNIDA,50.6,-826.8,Bb,-8.268,1.0,81.5,3.19,36.8,2.43,14.6,122,audio_features,spotify:track:6AWssBCESVyeRIlaHzNIDA,https://api.spotify.com/v1/tracks/6AWssBCESVyeRIlaHzNIDA,https://api.spotify.com/v1/audio-analysis/6AWssBCESVyeRIlaHzNIDA,01:59,4.0,https://i.scdn.co/image/ab67616d0000b273633a14a84a94970dfae61d94,2022-05-10,2022.0,False,58.0,https://p.scdn.co/mp3-preview/9ee2fae4edcc34f2e118063c3f3787354fe96926?cid=484c8fc1e0c54669ac770f80991a8280,42,7643
An Abstract Illusion -- Skeletons of Light [Progressive/Atmospheric Death Metal] (2016),Skeletons of Light,An Abstract Illusion,,,Skeletons of Light,An Abstract Illusion,"progressive, atmospheric death metal","'melodic death metal', 'swedish death metal', 'voidgaze'",Skeletons of Light,2023-01-07,9.71,16.0,,youtube,,,,https://www.youtube.com/watch?v=iUkAgO-J_ww,iUkAgO-J_ww,1XhffhMtMRomPu9aIDzJ0p,86.9,-749.0,B/Cb,-7.49,1.0,24.7,5.42,0.02,88.9,15.5,120,audio_features,spotify:track:1XhffhMtMRomPu9aIDzJ0p,https://api.spotify.com/v1/tracks/1XhffhMtMRomPu9aIDzJ0p,https://api.spotify.com/v1/audio-analysis/1XhffhMtMRomPu9aIDzJ0p,16:20,4.0,https://i.scdn.co/image/ab67616d0000b27391c4b310c4f9ecc2f84ff447,2016-07-27,2016.0,False,16.0,https://p.scdn.co/mp3-preview/a2352569b7a7093b7316a79a602d38553fdf3336?cid=484c8fc1e0c54669ac770f80991a8280,32,8046
DeathbyRomy -- No Mercy [Dark Pop] (2022),No Mercy,DeathbyRomy,No Mercy,DeathbyRomy,No Mercy,DeathbyRomy,dark pop,"'alt z', 'dark pop', 'modern indie pop'",DeathbyRomy - No Mercy (OFFICIAL MUSIC VIDEO),2023-01-06,48.6,16.0,,youtube,,,,https://www.youtube.com/watch?v=p66JBlME3Y0,p66JBlME3Y0,2PEQw1pDw6irt5OwRDQUQv,79.3,-235.2,Gb/F#,-2.352,0.0,48.8,11.4,3.0,0.0,10.3,184,audio_features,spotify:track:2PEQw1pDw6irt5OwRDQUQv,https://api.spotify.com/v1/tracks/2PEQw1pDw6irt5OwRDQUQv,https://api.spotify.com/v1/audio-analysis/2PEQw1pDw6irt5OwRDQUQv,02:25,4.0,https://i.scdn.co/image/ab67616d0000b27316f618d2e6fceb1c48cc698e,2022-10-28,2022.0,True,46.0,https://p.scdn.co/mp3-preview/79982d5b0d5cc7ec5556b7ba615374fe1a63b7e7?cid=484c8fc1e0c54669ac770f80991a8280,52,59380
Genesis - Home By The Sea [Progressive Rock],Home By The Sea,Genesis,,,Home by the Sea - 2007 Remaster,Genesis,progressive rock,"'album rock', 'art rock', 'classic rock', 'mellow gold', 'progressive rock', 'rock', 'soft rock', 'symphonic rock'",Genesis   Home By The Sea,2023-01-09,56.1,15.0,,youtube,,,,https://www.youtube.com/watch?v=0j6d7VeYvdQ,0j6d7VeYvdQ,14AI8Qt9giIa8uzek1I24O,71.5,-770.6,E,-7.706,0.0,60.5,3.7,49.7,0.04,7.63,128,audio_features,spotify:track:14AI8Qt9giIa8uzek1I24O,https://api.spotify.com/v1/tracks/14AI8Qt9giIa8uzek1I24O,https://api.spotify.com/v1/audio-analysis/14AI8Qt9giIa8uzek1I24O,05:07,4.0,https://i.scdn.co/image/ab67616d0000b273945c366eda66495226e4a46d,1983-10-03,1983.0,False,48.0,,68,2889228
Fuckleberry Hinn - Perfect Haircuts [Indie Rock] (2020),Perfect Haircuts,Fuckleberry Hinn,,,Perfect Haircuts,Fuckleberry Hinn,indie rock,,Perfect Haircuts,2023-01-05,40.5,15.0,,youtube,,,,https://www.youtube.com/watch?v=BSAqRWZ4drE,BSAqRWZ4drE,1X76tXq6QiZKB3mNn0rXyF,74.4,-1178.5,C,-11.785,1.0,50.3,2.79,14.3,55.1,28.9,98,audio_features,spotify:track:1X76tXq6QiZKB3mNn0rXyF,https://api.spotify.com/v1/tracks/1X76tXq6QiZKB3mNn0rXyF,https://api.spotify.com/v1/audio-analysis/1X76tXq6QiZKB3mNn0rXyF,04:20,4.0,https://i.scdn.co/image/ab67616d0000b273561c4317ccf18ae97b77234a,2020-05-09,2020.0,False,3.0,https://p.scdn.co/mp3-preview/183a98e554825b1c780ad1572cbb3e92e85c4bd6?cid=484c8fc1e0c54669ac770f80991a8280,1,32
Heart - How Can I Refuse? [Rock],How Can I Refuse?,Heart,How Can I Refuse?,Heart,How Can I Refuse,Heart,rock,"'album rock', 'classic rock', 'hard rock', 'heartland rock', 'mellow gold', 'new wave pop', 'rock', 'soft rock'",Heart - How Can I Refuse? (Official Music Video 720p),2023-01-09,70.5,14.0,,youtube,,,,https://www.youtube.com/watch?v=sL5-9enCa_s,sL5-9enCa_s,2EPOoZCvCYGfl5HqhXLpn6,56.9,-1042.7,E,-10.427,1.0,66.4,3.25,1.82,0.0,9.51,132,audio_features,spotify:track:2EPOoZCvCYGfl5HqhXLpn6,https://api.spotify.com/v1/tracks/2EPOoZCvCYGfl5HqhXLpn6,https://api.spotify.com/v1/audio-analysis/2EPOoZCvCYGfl5HqhXLpn6,03:52,4.0,https://i.scdn.co/image/ab67616d0000b27368dda066c051cef940b1e1bf,1983-08-20,1983.0,False,33.0,https://p.scdn.co/mp3-preview/0cfafc2cb94c2f3114e3571bb4c46d91ef47ab9e?cid=484c8fc1e0c54669ac770f80991a8280,67,2158843
Superpink - My Monolith [Funk Rock] (2022),My Monolith,Superpink,,,My Monolith,Superpink,funk rock,,My Monolith,2023-01-06,81.1,13.0,,youtube,,,,https://www.youtube.com/watch?v=FDv4z6vGrOg,FDv4z6vGrOg,08PKVNJsgRd72ob6vquJwe,78.5,-543.4,D,-5.434,1.0,80.3,4.6,3.97,0.19,5.51,116,audio_features,spotify:track:08PKVNJsgRd72ob6vquJwe,https://api.spotify.com/v1/tracks/08PKVNJsgRd72ob6vquJwe,https://api.spotify.com/v1/audio-analysis/08PKVNJsgRd72ob6vquJwe,04:37,4.0,https://i.scdn.co/image/ab67616d0000b273708ab6f12c553b93640973b4,2023-01-06,2023.0,False,2.0,https://p.scdn.co/mp3-preview/9415596dc4008d30240020602362ab859d512fc9?cid=484c8fc1e0c54669ac770f80991a8280,2,430
Nokomis -- Lay My Body Down [Indie Rock] (2020),Lay My Body Down,Nokomis,,,Lay My Body Down,Nokomis,indie rock,,Lay My Body Down,2023-01-06,21.3,13.0,,spotify,,,,,,0jln4LMlklJmlTl8wYlsIF,31.8,-1047.8,E,-10.478,1.0,66.4,3.14,30.0,18.2,8.46,119,audio_features,spotify:track:0jln4LMlklJmlTl8wYlsIF,https://api.spotify.com/v1/tracks/0jln4LMlklJmlTl8wYlsIF,https://api.spotify.com/v1/audio-analysis/0jln4LMlklJmlTl8wYlsIF,04:14,4.0,https://i.scdn.co/image/ab67616d0000b273b0037c4476b3f9a6f0b46a45,2020-10-21,2020.0,False,2.0,https://p.scdn.co/mp3-preview/30b3ef121afa1a6e805555aa1ab0531a13180adc?cid=484c8fc1e0c54669ac770f80991a8280,3,17
Blind Melon - Candy Says [Alt rock],Candy Says,Blind Melon,Candy Says,Blind Melon,Sanctity Squandered,CANDY,alt rock,'christmas instrumental',"Blind Melon - Candy Says [Velvet Underground cover] (Live on 2 Meter Sessions,1993)",2023-01-10,36.0,13.0,,youtube,,,,https://www.youtube.com/watch?v=gxRTYjrMm6k,gxRTYjrMm6k,1xmqmzLG66ghXQRZ5x0iHL,83.4,-635.4,Db/C#,-6.354,1.0,23.0,4.74,0.0,28.5,23.7,133,audio_features,spotify:track:1xmqmzLG66ghXQRZ5x0iHL,https://api.spotify.com/v1/tracks/1xmqmzLG66ghXQRZ5x0iHL,https://api.spotify.com/v1/audio-analysis/1xmqmzLG66ghXQRZ5x0iHL,02:38,4.0,https://i.scdn.co/image/ab67616d0000b273d8d098f2d56021e1b632ecf7,2017-11-21,2017.0,False,20.0,https://p.scdn.co/mp3-preview/537e72d56d530007a0759329c1ce40cc11d83401?cid=484c8fc1e0c54669ac770f80991a8280,52,451
Front 242 - Controversy Between (1987) [EBM],Controversy Between,Front 242,,,Controversy Between - Aerial Version,Front 242,ebm,"'belgian new wave', 'ebm', 'electro-industrial', 'industrial', 'industrial metal', 'industrial rock', 'new beat', 'proto-techno', 'synthpop'",Front 242 Controversy Between COMPLETE VERSION Best video ending ever EBM,2023-01-09,3.95,12.0,,youtube,,,,https://www.youtube.com/watch?v=j9sW556IBjo,j9sW556IBjo,3rvvhUdvmGFUS8YWcXFWpG,71.3,-650.6,A,-6.506,1.0,53.4,3.56,53.5,92.2,63.4,117,audio_features,spotify:track:3rvvhUdvmGFUS8YWcXFWpG,https://api.spotify.com/v1/tracks/3rvvhUdvmGFUS8YWcXFWpG,https://api.spotify.com/v1/audio-analysis/3rvvhUdvmGFUS8YWcXFWpG,03:45,3.0,https://i.scdn.co/image/ab67616d0000b2734ad23a03e2d8ca9f9957ea8b,2004-12-29,2004.0,False,19.0,https://p.scdn.co/mp3-preview/a71c4bd9bebde062f66982786f8e497332113e9f?cid=484c8fc1e0c54669ac770f80991a8280,40,122465
Kenji Kawai - Ghost in the Shell (Siro Remix) [Dark Techno] (2015),Ghost in the Shell,Kenji Kawai,Ghost in the Shell,Kenji Kawai,"Utai IV: Reawakening (From ""Ghost in the Shell"") - Steve Aoki Remix",Kenji Kawai,dark techno,"'anime score', 'japanese soundtrack', 'touken ranbu'",Kenji Kawai - Ghost in the Shell [Siro Remix],2023-01-06,10.4,12.0,,youtube,,,,https://www.youtube.com/watch?v=qzt3Q3myiEo,qzt3Q3myiEo,716PGfras74GHmZavyZcpJ,97.9,-149.7,Gb/F#,-1.497,0.0,46.3,8.6,0.01,84.7,17.4,174,audio_features,spotify:track:716PGfras74GHmZavyZcpJ,https://api.spotify.com/v1/tracks/716PGfras74GHmZavyZcpJ,https://api.spotify.com/v1/audio-analysis/716PGfras74GHmZavyZcpJ,04:30,4.0,https://i.scdn.co/image/ab67616d0000b2738e55b16365c8f3d1136d4897,2017-03-10,2017.0,False,37.0,https://p.scdn.co/mp3-preview/dd39476fe0ce85b2bfd5e07a4409838d824c6978?cid=484c8fc1e0c54669ac770f80991a8280,42,42178
DLG3 - Hot Chicken [Funk](2020),Hot Chicken,DLG3,,,Hot Chicken,DLG 3,funk,,Hot Chicken,2023-01-08,70.3,12.0,,youtube,,,,https://www.youtube.com/watch?v=CyKOmJrsJzQ,CyKOmJrsJzQ,1uy8jY4k6SmI2Zr6fwbldQ,46.4,-995.4,C,-9.954,1.0,64.6,40.9,6.95,88.7,14.0,197,audio_features,spotify:track:1uy8jY4k6SmI2Zr6fwbldQ,https://api.spotify.com/v1/tracks/1uy8jY4k6SmI2Zr6fwbldQ,https://api.spotify.com/v1/audio-analysis/1uy8jY4k6SmI2Zr6fwbldQ,04:01,4.0,https://i.scdn.co/image/ab67616d0000b273ac38885aeb1c97db4bd46d57,2020-05-01,2020.0,False,34.0,https://p.scdn.co/mp3-preview/748e7463693200f2b1863f0ea74fb327d82ad1d8?cid=484c8fc1e0c54669ac770f80991a8280,17,534
Tufty - Synthetic Heartbeat [chiptune / electronic] (2023),Synthetic Heartbeat,Tufty,Oscilloscope Visualisation,Synthetic Heartbeat,Synthetic Blues,Kasablanca,"chiptune, electronic",'progressive house',Synthetic Heartbeat - Oscilloscope Visualisation (48k Spectrum),2023-01-08,18.9,11.0,,youtube,,,,https://www.youtube.com/watch?v=tqpNbfoC4p0,tqpNbfoC4p0,3NQAZFYK0HTA1l9lIB5U3O,83.9,-763.3,A,-7.633,0.0,58.8,4.48,2.24,30.9,21.2,123,audio_features,spotify:track:3NQAZFYK0HTA1l9lIB5U3O,https://api.spotify.com/v1/tracks/3NQAZFYK0HTA1l9lIB5U3O,https://api.spotify.com/v1/audio-analysis/3NQAZFYK0HTA1l9lIB5U3O,03:28,4.0,https://i.scdn.co/image/ab67616d0000b273961f738953e0c8449f647c53,2020-11-13,2020.0,False,47.0,https://p.scdn.co/mp3-preview/d433d73628640de100817b9901ad08cfca0c8840?cid=484c8fc1e0c54669ac770f80991a8280,50,14812
Tequila - Barbara Ellen [Jazz-Rock] (1976),Barbara Ellen,Tequila,The New One,Tequila,Tequila,The New Romantic,jazz-rock,,"Tequila - The New One (Denmark, 1976) [funk rock, jazz-rock, Latin, psychedelic, full album]",2023-01-07,83.9,11.0,,youtube,,,,https://www.youtube.com/watch?v=uco_PSsCZVo,uco_PSsCZVo,3DlfMK16PDQ0BhbelyL0QO,58.3,-844.9,F,-8.449,1.0,53.6,4.18,23.3,0.43,60.0,95,audio_features,spotify:track:3DlfMK16PDQ0BhbelyL0QO,https://api.spotify.com/v1/tracks/3DlfMK16PDQ0BhbelyL0QO,https://api.spotify.com/v1/audio-analysis/3DlfMK16PDQ0BhbelyL0QO,03:36,4.0,https://i.scdn.co/image/ab67616d0000b273d4e157c1ec2113d9392236a5,2010-01-03,2010.0,False,0.0,https://p.scdn.co/mp3-preview/978bb7ecedf1ba40005c143874ed324ee5a48916?cid=484c8fc1e0c54669ac770f80991a8280,12,425
PLOCKZ - Too Far Gone [House/Future House] (2022),Too Far Gone,PLOCKZ,Too Far Gone,PLOCKZ,too far close,Chase Shakur,"house, future house",,PLOCKZ - Too Far Gone [COPYRIGHT FREE MUSIC],2023-01-05,40.3,11.0,,youtube,,,,https://www.youtube.com/watch?v=yHu3f7ThNEQ,yHu3f7ThNEQ,1rKdNSA119ByMxI9chV5J6,33.4,-1007.4,E,-10.074,0.0,79.5,4.79,55.9,1.48,11.2,129,audio_features,spotify:track:1rKdNSA119ByMxI9chV5J6,https://api.spotify.com/v1/tracks/1rKdNSA119ByMxI9chV5J6,https://api.spotify.com/v1/audio-analysis/1rKdNSA119ByMxI9chV5J6,03:00,4.0,https://i.scdn.co/image/ab67616d0000b2732a525fbb15bb3876e5b46585,2022-06-24,2022.0,True,61.0,https://p.scdn.co/mp3-preview/a37014bcedf83cada1ab01b9822ac7dacba3b9aa?cid=484c8fc1e0c54669ac770f80991a8280,55,51607
The Eternal Page - Between Dials of Unending Time [Psychedelic rock] (2022),Between Dials of Unending Time,The Eternal Page,,,Between Dials of Unending Time,The Eternal Page,psychedelic rock,,Between Dials of Unending Time,2023-01-09,20.1,11.0,,youtube,,,,https://www.youtube.com/watch?v=3-gBY4-vWbk,3-gBY4-vWbk,7G9aYVIHZICz1kovi422MA,54.4,-725.5,Db/C#,-7.255,0.0,29.3,2.84,20.7,1.78,12.3,71,audio_features,spotify:track:7G9aYVIHZICz1kovi422MA,https://api.spotify.com/v1/tracks/7G9aYVIHZICz1kovi422MA,https://api.spotify.com/v1/audio-analysis/7G9aYVIHZICz1kovi422MA,03:08,4.0,https://i.scdn.co/image/ab67616d0000b27386f995f2c90cb8c602952bee,2022-12-15,2022.0,False,12.0,https://p.scdn.co/mp3-preview/8df8394a810957e8e8172bb472655c27863351e3?cid=484c8fc1e0c54669ac770f80991a8280,3,164
"DVDA - Now You're a Man [Punk Rock/Parody] a manly, manly man.",Now Youre a Man,DVDA,Now You're A Man,DVDA,Now You're a Man (Made Famous By DVDA),Toners,"punk rock, parody",,DVDA - Now You're A Man,2023-01-10,42.2,10.0,,youtube,,,,https://www.youtube.com/watch?v=22baiyq9qc8,22baiyq9qc8,30bm4o7Lurgswlokf1uEIf,65.0,-940.4,C,-9.404,0.0,58.6,2.84,0.1,82.3,19.7,114,audio_features,spotify:track:30bm4o7Lurgswlokf1uEIf,https://api.spotify.com/v1/tracks/30bm4o7Lurgswlokf1uEIf,https://api.spotify.com/v1/audio-analysis/30bm4o7Lurgswlokf1uEIf,02:11,4.0,https://i.scdn.co/image/ab67616d0000b273ab51971697dcfff6c084ecca,2013-05-10,2013.0,False,5.0,https://p.scdn.co/mp3-preview/b9a01ccc0e7cfc49bec30131c6f776a37a1851a6?cid=484c8fc1e0c54669ac770f80991a8280,46,1800
Dmitri Shostakovich - Romance from The Gadfly [Classical],Romance from The Gadfly,Dmitri Shostakovich,Romance,Dmitri Shostakovich,"Shostakovich / Arr. Atovmyan: Suite from the Gadfly, Op. 97a: VIII. Romance",Dmitri Shostakovich,classical,"'classical', 'compositional ambient', 'russian modern classical'",Dmitri Shostakovich - Romance (from The Gadfly),2023-01-09,3.79,10.0,,youtube,,,,https://www.youtube.com/watch?v=QDW4VJGKLAQ,QDW4VJGKLAQ,7c8EKQLv5ld1uWm1BdGqds,7.32,-2321.0,C,-23.21,1.0,11.3,4.96,96.9,77.2,10.7,174,audio_features,spotify:track:7c8EKQLv5ld1uWm1BdGqds,https://api.spotify.com/v1/tracks/7c8EKQLv5ld1uWm1BdGqds,https://api.spotify.com/v1/audio-analysis/7c8EKQLv5ld1uWm1BdGqds,03:14,4.0,https://i.scdn.co/image/ab67616d0000b27316904029c31ca50916e3116a,1992-01-01,1992.0,False,38.0,https://p.scdn.co/mp3-preview/34ba32fba07dd20021412deb501d931805b938b9?cid=484c8fc1e0c54669ac770f80991a8280,60,337037
GOWNS — Logotherapy [Indie Rock] (2021),Logotherapy,GOWNS,Logotherapy,GOWNS,Logotherapy,GOWNS,indie rock,'modern psychedelic folk',GOWNS - Logotherapy (Official Video),2023-01-10,22.7,10.0,,youtube,,,,https://www.youtube.com/watch?v=7J3DBbGw_pI,7J3DBbGw_pI,3pfJUcjOUUr2RBUzvejYLp,88.6,-416.6,Gb/F#,-4.166,1.0,36.5,9.57,0.26,0.0,29.1,147,audio_features,spotify:track:3pfJUcjOUUr2RBUzvejYLp,https://api.spotify.com/v1/tracks/3pfJUcjOUUr2RBUzvejYLp,https://api.spotify.com/v1/audio-analysis/3pfJUcjOUUr2RBUzvejYLp,03:19,4.0,https://i.scdn.co/image/ab67616d0000b273c3ac807aa166a948f8392aae,2021-07-23,2021.0,False,2.0,https://p.scdn.co/mp3-preview/6415981e0d9c01d29b996ec743adc9e38b01e849?cid=484c8fc1e0c54669ac770f80991a8280,5,1205
alansmithee -- I'm Not Sure [Alternative Rock] (2016),Im Not Sure,alansmithee,I'm not sure,alansmithee,I'm Not Sure,alansmithee,alternative rock,,alansmithee - I'm not sure,2023-01-06,40.7,9.0,,youtube,,,,https://www.youtube.com/watch?v=Zk7UEQ-Vljg,Zk7UEQ-Vljg,5AXV31yZCVUfxrXM5jJVDC,60.2,-1343.9,B/Cb,-13.439,0.0,49.6,3.76,66.2,5.33,27.1,98,audio_features,spotify:track:5AXV31yZCVUfxrXM5jJVDC,https://api.spotify.com/v1/tracks/5AXV31yZCVUfxrXM5jJVDC,https://api.spotify.com/v1/audio-analysis/5AXV31yZCVUfxrXM5jJVDC,03:38,4.0,https://i.scdn.co/image/ab67616d0000b273a0eb55b04674e8355b03c5fd,2021-12-29,2021.0,False,0.0,https://p.scdn.co/mp3-preview/9ffbfe6931c2fe783e9985d8a46f3ab09310fc20?cid=484c8fc1e0c54669ac770f80991a8280,0,26
"Bitoh Isao -- Ashita no Joe [anime] (1996) , (HQ) very enthusiastic (lyrics in description)",Ashita no Joe,Bitoh Isao,,,Ashitaka and San,Joe Hisaishi,anime,"'anime', 'anime score', 'ghibli', 'japanese classical', 'japanese soundtrack', 'orchestral soundtrack'",(HQ) Ashita no Joe あしたのジョー (Full version),2023-01-06,3.76,9.0,,youtube,,,,https://www.youtube.com/watch?v=7L309EkCe4I,7L309EkCe4I,6JNgTjdCMt4lYqFfFaBtCr,13.0,-1703.6,D,-17.036,1.0,37.0,2.93,98.3,91.7,11.9,73,audio_features,spotify:track:6JNgTjdCMt4lYqFfFaBtCr,https://api.spotify.com/v1/tracks/6JNgTjdCMt4lYqFfFaBtCr,https://api.spotify.com/v1/audio-analysis/6JNgTjdCMt4lYqFfFaBtCr,03:12,4.0,https://i.scdn.co/image/ab67616d0000b273b8ca4003c6774ffad9ee23e6,1997-07-02,1997.0,False,55.0,https://p.scdn.co/mp3-preview/b911fb6723f48e27565459406f838cb145752803?cid=484c8fc1e0c54669ac770f80991a8280,69,830779
"DOOBIE BROTHERS - Santa Barbara, California, 1982 - FULL CONCERT [Blue-Eyed Soul/Soft Rock]","Santa Barbara, California, 1982 - FULL CONCERT",DOOBIE BROTHERS,"Santa Barbara, California, 1982 - FULL CONCERT",DOOBIE BROTHERS,Listen to the Music,The Doobie Brothers,"blue-eyed soul, soft rock","'album rock', 'art rock', 'blues rock', 'classic rock', 'country rock', 'folk rock', 'hard rock', 'heartland rock', 'mellow gold', 'rock', 'singer-songwriter', 'soft rock', 'yacht rock'","DOOBIE BROTHERS - Santa Barbara, California, 1982 - FULL CONCERT",2023-01-10,91.3,9.0,,youtube,,,,https://www.youtube.com/watch?v=3LCB_RdfdXc,3LCB_RdfdXc,7Ar4G7Ci11gpt6sfH9Cgz5,59.8,-1318.0,D,-13.18,0.0,64.5,3.35,22.1,0.0,7.21,105,audio_features,spotify:track:7Ar4G7Ci11gpt6sfH9Cgz5,https://api.spotify.com/v1/tracks/7Ar4G7Ci11gpt6sfH9Cgz5,https://api.spotify.com/v1/audio-analysis/7Ar4G7Ci11gpt6sfH9Cgz5,03:47,4.0,https://i.scdn.co/image/ab67616d0000b2736f4433e965a9ee12556ecd12,1972-01-01,1972.0,False,76.0,https://p.scdn.co/mp3-preview/b7201e30607df6afd8b5d8679811a0f94d5a7e69?cid=484c8fc1e0c54669ac770f80991a8280,67,2136841
"Ancient Ceremony - The Beauty in Candlelight [melodic black/gothic metal, Germany] (1997)",The Beauty in Candlelight,Ancient Ceremony,,,The Beauty in Candlelight,Ancient Ceremony,"melodic black, gothic metal, germany",'melodic black metal',The Beauty in Candlelight,2023-01-09,24.1,8.0,,youtube,,,,https://www.youtube.com/watch?v=keM_naNcWoc,keM_naNcWoc,2he8XOy2OY6z5d8hYwcwyr,86.2,-647.8,Gb/F#,-6.478,1.0,38.4,6.03,0.01,76.8,7.51,160,audio_features,spotify:track:2he8XOy2OY6z5d8hYwcwyr,https://api.spotify.com/v1/tracks/2he8XOy2OY6z5d8hYwcwyr,https://api.spotify.com/v1/audio-analysis/2he8XOy2OY6z5d8hYwcwyr,04:58,4.0,https://i.scdn.co/image/ab67616d0000b2737f8d44471fab2b9aa51bcba8,1997-01-01,1997.0,False,5.0,https://p.scdn.co/mp3-preview/e047a591ea02716ec80aaabd1efaac568447b6ae?cid=484c8fc1e0c54669ac770f80991a8280,5,2558
Loyle Carner - Hate [hip hop],Hate,Loyle Carner,Hate,Loyle Carner,Hate,Loyle Carner,hip hop,"'indie soul', 'london rap', 'uk alternative hip hop'",Loyle Carner - Hate,2023-01-09,52.1,8.0,,youtube,,,,https://www.youtube.com/watch?v=4tC5qmZz4Ec,4tC5qmZz4Ec,399olOwTieMU3hqelRsfpH,82.7,-754.7,Bb,-7.547,0.0,41.2,10.3,14.0,0.05,25.9,103,audio_features,spotify:track:399olOwTieMU3hqelRsfpH,https://api.spotify.com/v1/tracks/399olOwTieMU3hqelRsfpH,https://api.spotify.com/v1/audio-analysis/399olOwTieMU3hqelRsfpH,04:04,4.0,https://i.scdn.co/image/ab67616d0000b2730d7bd8c43a71910b53126b09,2022-10-21,2022.0,True,58.0,https://p.scdn.co/mp3-preview/6a63982e4960e7a29fee98401cd5bb3d88613540?cid=484c8fc1e0c54669ac770f80991a8280,67,563597
Kourosh Yaghmaei - Leila [Pre-Revolution Persian Psychadelic-Rock],Leila,Kourosh Yaghmaei,Leila,Kourosh Yaghmaei,Leila,Kourosh Yaghmaei,pre-revolution persian psychadelic-rock,"'classic persian pop', 'persian rock'",Kourosh Yaghmaei - Leila,2023-01-10,35.0,8.0,,youtube,,,,https://www.youtube.com/watch?v=97ehGRjwPU4,97ehGRjwPU4,760d5fC41dkJL9WHPIPhDD,35.1,-1071.6,G,-10.716,0.0,66.0,3.26,93.6,32.7,10.1,94,audio_features,spotify:track:760d5fC41dkJL9WHPIPhDD,https://api.spotify.com/v1/tracks/760d5fC41dkJL9WHPIPhDD,https://api.spotify.com/v1/audio-analysis/760d5fC41dkJL9WHPIPhDD,04:27,4.0,https://i.scdn.co/image/ab67616d0000b2733541784bf115dca3b2531114,1976-05-12,1976.0,False,36.0,https://p.scdn.co/mp3-preview/7b44fbcfbfaa4346bff3b6700b36f521ca5b4676?cid=484c8fc1e0c54669ac770f80991a8280,38,28493
Midnight Sister - Blue Cigar [Indie Pop / Art Pop / Pop] (2017),Blue Cigar,Midnight Sister,Blue Cigar,Midnight Sister,Blue Cigar,Midnight Sister,"indie pop, art pop, pop",,Midnight Sister - Blue Cigar (Official Video),2023-01-06,78.7,8.0,,youtube,,,,https://www.youtube.com/watch?v=dk8Ag-Vn06U,dk8Ag-Vn06U,036mhHLlaQwnNbQEu5yW1S,54.6,-632.2,C,-6.322,1.0,78.0,4.43,55.4,7.54,10.1,120,audio_features,spotify:track:036mhHLlaQwnNbQEu5yW1S,https://api.spotify.com/v1/tracks/036mhHLlaQwnNbQEu5yW1S,https://api.spotify.com/v1/audio-analysis/036mhHLlaQwnNbQEu5yW1S,03:30,4.0,https://i.scdn.co/image/ab67616d0000b27379fef7de12f815a22c88857e,2017-09-08,2017.0,False,46.0,https://p.scdn.co/mp3-preview/3e69f9d0da68db6e1784282cb20054ff2a16ffed?cid=484c8fc1e0c54669ac770f80991a8280,34,15845
Modus -- Visitors [Psytrance] (2021),Visitors,Modus,Modus - Visitors,02,Visitors,Modus,psytrance,"'alternative rock', 'double drumming', 'indie rock', 'modern rock', 'rock', 'washington indie'",02 - Modus - Visitors,2023-01-09,30.9,8.0,,youtube,,,,https://www.youtube.com/watch?v=SbmCuEXnnn4,SbmCuEXnnn4,1hN6k9I7ebc659g5Bh50xK,80.3,-769.3,G,-7.693,1.0,61.4,4.21,0.02,92.6,21.9,145,audio_features,spotify:track:1hN6k9I7ebc659g5Bh50xK,https://api.spotify.com/v1/tracks/1hN6k9I7ebc659g5Bh50xK,https://api.spotify.com/v1/audio-analysis/1hN6k9I7ebc659g5Bh50xK,07:03,4.0,https://i.scdn.co/image/ab67616d0000b273bf229197585ea54dc8172b33,2021-04-23,2021.0,False,18.0,https://p.scdn.co/mp3-preview/7b7083399fa0e648b9713c75924f449c3453dc17?cid=484c8fc1e0c54669ac770f80991a8280,65,1341611
Blessed -- Anything [Indie Rock] (2022),Anything,Blessed,Anything,Blessed,#blessed,Say Anything,indie rock,"'emo', 'pop punk'","Blessed - ""Anything"" [Official Video]",2023-01-07,35.3,8.0,,youtube,,,,https://www.youtube.com/watch?v=KfKkfMciIZc,KfKkfMciIZc,1vVvRXqzoZtgJToVo5zETL,84.2,-524.8,Db/C#,-5.248,1.0,30.0,13.4,0.78,0.0,8.76,160,audio_features,spotify:track:1vVvRXqzoZtgJToVo5zETL,https://api.spotify.com/v1/tracks/1vVvRXqzoZtgJToVo5zETL,https://api.spotify.com/v1/audio-analysis/1vVvRXqzoZtgJToVo5zETL,03:17,4.0,https://i.scdn.co/image/ab67616d0000b2732a4f464cc566419f2f787f11,2016-02-05,2016.0,False,13.0,https://p.scdn.co/mp3-preview/f5565ba9328221809c24da598a96c5f8b3432275?cid=484c8fc1e0c54669ac770f80991a8280,50,280066
The Cars - I'm not the one [Pop],Im not the one,The Cars,I'm not the one,The Cars,I'm Not the One,The Cars,pop,"'album rock', 'art rock', 'classic rock', 'hard rock', 'mellow gold', 'new romantic', 'new wave', 'new wave pop', 'permanent wave', 'pop rock', 'power pop', 'rock', 'soft rock'",The Cars - I'm not the one,2023-01-09,22.6,8.0,,youtube,,,,https://www.youtube.com/watch?v=a_HpVbD1_Ao,a_HpVbD1_Ao,6eRLUjHubf9tlO7ZCc04Da,46.6,-1115.0,E,-11.15,0.0,61.9,3.08,17.6,0.09,6.17,79,audio_features,spotify:track:6eRLUjHubf9tlO7ZCc04Da,https://api.spotify.com/v1/tracks/6eRLUjHubf9tlO7ZCc04Da,https://api.spotify.com/v1/audio-analysis/6eRLUjHubf9tlO7ZCc04Da,04:14,4.0,https://i.scdn.co/image/ab67616d0000b273e88d3b5d636ad86643f3a804,1981-11-06,1981.0,False,41.0,https://p.scdn.co/mp3-preview/e5e5f1c1d2e7ba5cc639b4b8edaafd9e5a75dd44?cid=484c8fc1e0c54669ac770f80991a8280,66,1526321
Kiesza - Hideaway [Dance/Pop],Hideaway,Kiesza,Hideaway,Kiesza,Hideaway,Kiesza,"dance, pop","'electropop', 'pop edm'",Kiesza - Hideaway (Official Music Video),2023-01-10,20.4,8.0,,youtube,,,,https://www.youtube.com/watch?v=Vnoz5uBEWOA,Vnoz5uBEWOA,0c6xIDDpzE81m2q797ordA,72.0,-413.5,G,-4.135,0.0,83.8,4.83,8.62,0.7,7.72,122,audio_features,spotify:track:0c6xIDDpzE81m2q797ordA,https://api.spotify.com/v1/tracks/0c6xIDDpzE81m2q797ordA,https://api.spotify.com/v1/audio-analysis/0c6xIDDpzE81m2q797ordA,04:11,4.0,https://i.scdn.co/image/ab67616d0000b2734aa8e95eeb09aa120b353703,2014-10-21,2014.0,False,55.0,,56,288553
Atmosphere - Cats Van Bags [Hip Hop],Cats Van Bags,Atmosphere,,,Cats Van Bags,Atmosphere,hip hop,"'alternative hip hop', 'conscious hip hop', 'minnesota hip hop', 'pop rap'",Cats Van Bags,2023-01-09,32.7,8.0,,youtube,,,,https://www.youtube.com/watch?v=g35Vap3gWrs,g35Vap3gWrs,6d6AhG3tmkTZEsaVzE0IrH,80.4,-192.6,G,-1.926,1.0,43.4,34.4,5.4,0.0,18.9,82,audio_features,spotify:track:6d6AhG3tmkTZEsaVzE0IrH,https://api.spotify.com/v1/tracks/6d6AhG3tmkTZEsaVzE0IrH,https://api.spotify.com/v1/audio-analysis/6d6AhG3tmkTZEsaVzE0IrH,04:01,4.0,https://i.scdn.co/image/ab67616d0000b27352dd25fbd39f37a3f70ae251,2003-09-23,2003.0,True,24.0,https://p.scdn.co/mp3-preview/985bb840602a69f418d2f2acdaf0120de7432f12?cid=484c8fc1e0c54669ac770f80991a8280,57,645115
Secret Oyster - Mind Movie [Prog Jazz] (1974),Mind Movie,Secret Oyster,,,Mind Movie,Secret Oyster,prog jazz,'classic danish rock',Mind Movie,2023-01-08,25.2,7.0,,youtube,,,,https://www.youtube.com/watch?v=ksFqQxo_mao,ksFqQxo_mao,3r7e2UQ3nbDY5N5IRIl1F2,75.3,-839.4,Bb,-8.394,1.0,30.1,6.43,11.1,86.2,10.6,130,audio_features,spotify:track:3r7e2UQ3nbDY5N5IRIl1F2,https://api.spotify.com/v1/tracks/3r7e2UQ3nbDY5N5IRIl1F2,https://api.spotify.com/v1/audio-analysis/3r7e2UQ3nbDY5N5IRIl1F2,09:16,4.0,https://i.scdn.co/image/ab67616d0000b273364a58ad9615b326007a6bf1,1974-01-01,1974.0,False,15.0,https://p.scdn.co/mp3-preview/63690a9c7b3e36c83b8771dedb12fc22f6196843?cid=484c8fc1e0c54669ac770f80991a8280,11,6332
Wisteria - Young Love [Gothic Dream Pop / Post-Punk/Electronic] (2021),Young Love,Wisteria,,,Young Love,Wisteria,"gothic dream pop, post-punk, electronic",,Young Love,2023-01-06,12.8,7.0,,youtube,,,,https://www.youtube.com/watch?v=XgM-UwSqixo,XgM-UwSqixo,6d7HIswP9Be5QahNkBQx2X,41.3,-1748.6,C,-17.486,1.0,51.6,3.4,8.93,85.5,6.72,115,audio_features,spotify:track:6d7HIswP9Be5QahNkBQx2X,https://api.spotify.com/v1/tracks/6d7HIswP9Be5QahNkBQx2X,https://api.spotify.com/v1/audio-analysis/6d7HIswP9Be5QahNkBQx2X,03:14,4.0,https://i.scdn.co/image/ab67616d0000b273d7e6b87b6836343fdf53305a,2021-07-06,2021.0,False,32.0,https://p.scdn.co/mp3-preview/78ab7cd900ff5da6aab761d8db894e79d214d8f6?cid=484c8fc1e0c54669ac770f80991a8280,27,3694
Johnnivan -- No One is Going to Save You [Alt-pop] (2022),No One is Going to Save You,Johnnivan,No One is Going to Save You,Johnnivan,No One is Going to Save You,Johnnivan,alt-pop,,Johnnivan - No One is Going to Save You (Official Video),2023-01-09,52.2,7.0,,youtube,,,,https://www.youtube.com/watch?v=5AO08mTgND8,5AO08mTgND8,0WG38p8jKPVX0dEDb3cRs3,70.5,-480.9,Gb/F#,-4.809,1.0,49.9,3.03,0.09,0.04,6.62,135,audio_features,spotify:track:0WG38p8jKPVX0dEDb3cRs3,https://api.spotify.com/v1/tracks/0WG38p8jKPVX0dEDb3cRs3,https://api.spotify.com/v1/audio-analysis/0WG38p8jKPVX0dEDb3cRs3,03:51,4.0,https://i.scdn.co/image/ab67616d0000b273a2131a52bfe96345b9a9cfa3,2022-11-09,2022.0,False,13.0,https://p.scdn.co/mp3-preview/cf5e403e31b51770312878f52a1990e390db5a5b?cid=484c8fc1e0c54669ac770f80991a8280,14,2531
Maestro Espada -- Estrellica [neofolk] (2022),Estrellica,Maestro Espada,Estrellica,Maestro Espada,Estrellica,Maestro Espada,neofolk,,Maestro Espada - Estrellica,2023-01-05,33.0,7.0,,youtube,,,,https://www.youtube.com/watch?v=O1rkeepEDLE,O1rkeepEDLE,1uFsbYxgTWZZ5QdAEoVRmr,50.6,-1019.3,E,-10.193,0.0,55.9,17.2,50.5,7.79,10.4,182,audio_features,spotify:track:1uFsbYxgTWZZ5QdAEoVRmr,https://api.spotify.com/v1/tracks/1uFsbYxgTWZZ5QdAEoVRmr,https://api.spotify.com/v1/audio-analysis/1uFsbYxgTWZZ5QdAEoVRmr,03:25,3.0,https://i.scdn.co/image/ab67616d0000b27348d161d50798aa46b3e33955,2022-05-20,2022.0,False,44.0,https://p.scdn.co/mp3-preview/2f075880bee94ce5194f2f4c65e5d8fa67073620?cid=484c8fc1e0c54669ac770f80991a8280,28,1233
Huia Express - Convince Me [Prog Rock/Psych Rock] (2022),Convince Me,Huia Express,,,Convince Me,Joel Ruys & the Huia Express,"prog rock, psych rock",,Convince Me,2023-01-07,80.9,7.0,,youtube,,,,https://www.youtube.com/watch?v=YnTJtpVR7QY,YnTJtpVR7QY,2uYsF0A2pPterJtR9W5OW4,77.6,-626.4,B/Cb,-6.264,0.0,49.2,7.09,6.44,0.09,12.2,80,audio_features,spotify:track:2uYsF0A2pPterJtR9W5OW4,https://api.spotify.com/v1/tracks/2uYsF0A2pPterJtR9W5OW4,https://api.spotify.com/v1/audio-analysis/2uYsF0A2pPterJtR9W5OW4,07:36,4.0,https://i.scdn.co/image/ab67616d0000b273b6c2174f06c3096933890cfc,2022-09-30,2022.0,False,1.0,https://p.scdn.co/mp3-preview/7ad4680d99a5c8634bdbd9acd2b530f597c94d8c?cid=484c8fc1e0c54669ac770f80991a8280,0,68
Spoon - I Ain't The One [Alt/Indie],I Aint The One,Spoon,,,I Ain't the One,Spoon,"alt, indie","'alternative rock', 'austindie', 'indie rock', 'modern rock', 'pop rock', 'rock'",I Ain't the One,2023-01-10,34.8,6.0,,youtube,,,,https://www.youtube.com/watch?v=zbpbeYr6X4Q,zbpbeYr6X4Q,4Eyn4IekRi5vMKiExXzHwf,78.5,-969.8,Bb,-9.698,0.0,61.8,6.01,77.1,50.4,16.5,129,audio_features,spotify:track:4Eyn4IekRi5vMKiExXzHwf,https://api.spotify.com/v1/tracks/4Eyn4IekRi5vMKiExXzHwf,https://api.spotify.com/v1/audio-analysis/4Eyn4IekRi5vMKiExXzHwf,03:48,4.0,https://i.scdn.co/image/ab67616d0000b27365b8c5c5f4b2ac029640b582,2017-03-17,2017.0,False,41.0,https://p.scdn.co/mp3-preview/1f95e91a61fe3701a6f0694d8c933dee1b711524?cid=484c8fc1e0c54669ac770f80991a8280,60,600020
Koroshi -- Cause [Hardcore] (2023),Cause,Koroshi,,,Cause,Koroshi,hardcore,,Cause,2023-01-10,16.0,6.0,,youtube,,,,https://www.youtube.com/watch?v=I0BQn8sjRXY,I0BQn8sjRXY,2rGYtOfqi4GmClGzd56eoQ,99.4,-376.3,Db/C#,-3.763,1.0,26.8,18.0,0.05,0.0,89.8,189,audio_features,spotify:track:2rGYtOfqi4GmClGzd56eoQ,https://api.spotify.com/v1/tracks/2rGYtOfqi4GmClGzd56eoQ,https://api.spotify.com/v1/audio-analysis/2rGYtOfqi4GmClGzd56eoQ,01:56,4.0,https://i.scdn.co/image/ab67616d0000b27354686d9c1a5afa58a52c2d2f,2023-01-07,2023.0,True,7.0,https://p.scdn.co/mp3-preview/9eefdbf903b8e2ab9c4be2f692b66e93296cbc8e?cid=484c8fc1e0c54669ac770f80991a8280,1,39
Imbalance - mutual respect [hardcore punk] (1997),mutual respect,Imbalance,Mutual Respect,Imbalance,Mutual Respect (feat. The Musalini),Rasheed Chappell,hardcore punk,"'boom bap', 'soul flow'",Imbalance- Mutual Respect.wmv,2023-01-08,71.9,6.0,,youtube,,,,https://www.youtube.com/watch?v=nY7zK6jvqFg,nY7zK6jvqFg,3euvipbCm6M9QaSH7PqMph,60.4,-692.7,Bb,-6.927,0.0,72.7,9.39,2.26,0.0,31.3,80,audio_features,spotify:track:3euvipbCm6M9QaSH7PqMph,https://api.spotify.com/v1/tracks/3euvipbCm6M9QaSH7PqMph,https://api.spotify.com/v1/audio-analysis/3euvipbCm6M9QaSH7PqMph,03:36,4.0,https://i.scdn.co/image/ab67616d0000b2732908dacd34378cf09551052e,2020-05-01,2020.0,True,6.0,https://p.scdn.co/mp3-preview/f92d70a61b3c468c051f896f0459ef245b986239?cid=484c8fc1e0c54669ac770f80991a8280,34,5719
Gordon Lightfoot - Wreck Of The Edmund Fitzgerald [Folk],Wreck Of The Edmund Fitzgerald,Gordon Lightfoot,Wreck Of The Edmund Fitzgerald,Gordon Lightfoot,The Wreck of the Edmund Fitzgerald,Gordon Lightfoot,folk,"'canadian country', 'canadian singer-songwriter', 'classic rock', 'country rock', 'folk', 'folk rock', 'mellow gold', 'rock', 'roots rock', 'singer-songwriter', 'soft rock'",Gordon Lightfoot - Wreck Of The Edmund Fitzgerald (Official Audio),2023-01-10,15.8,6.0,,youtube,,,,https://www.youtube.com/watch?v=FuzTkGyxkYI,FuzTkGyxkYI,536L9C0N7vhYdibCJx3cI2,37.6,-1524.0,E,-15.24,1.0,30.8,6.26,11.6,0.0,16.6,186,audio_features,spotify:track:536L9C0N7vhYdibCJx3cI2,https://api.spotify.com/v1/tracks/536L9C0N7vhYdibCJx3cI2,https://api.spotify.com/v1/audio-analysis/536L9C0N7vhYdibCJx3cI2,06:29,3.0,https://i.scdn.co/image/ab67616d0000b273d9088b1e7d1f82db2a0f3d54,1976-01-01,1976.0,False,63.0,https://p.scdn.co/mp3-preview/2cb63fce61c70fa70ee3b96c0d93de6d79dfbd39?cid=484c8fc1e0c54669ac770f80991a8280,61,701220
Mango Groove -- Dance Sum More [Afro Pop] (1997),Dance Sum More,Mango Groove,Dance Sum More,Mango Groove,Dance Sum More,Mango Groove,afro pop,"'african rock', 'afropop', 'south african alternative', 'south african pop'",Mango Groove - Dance Sum More (Official Music Video),2023-01-06,94.5,6.0,,youtube,,,,https://www.youtube.com/watch?v=mQGqzpYPpg8,mQGqzpYPpg8,1VfAf8quz0k7e66QQgYOXF,66.7,-969.4,E,-9.694,1.0,75.6,3.76,7.79,0.21,20.0,130,audio_features,spotify:track:1VfAf8quz0k7e66QQgYOXF,https://api.spotify.com/v1/tracks/1VfAf8quz0k7e66QQgYOXF,https://api.spotify.com/v1/audio-analysis/1VfAf8quz0k7e66QQgYOXF,02:55,4.0,https://i.scdn.co/image/ab67616d0000b2733c536879532267e90fb03eab,1989-07-17,1989.0,False,34.0,https://p.scdn.co/mp3-preview/ea5829dbd15097beb508bdf16c64b0fc16343cbd?cid=484c8fc1e0c54669ac770f80991a8280,31,23175
Dirk. - No [indierock] (2023),No,Dirk.,,,Nocturne,Dirk Maassen,indierock,"'compositional ambient', 'neo-classical'",No,2023-01-09,15.5,6.0,,youtube,,,,https://www.youtube.com/watch?v=gNL07_ch14E,gNL07_ch14E,0fUVbsHDWhpNpNBLLh138k,5.1,-2048.4,C,-20.484,1.0,24.9,5.84,98.7,92.2,11.7,68,audio_features,spotify:track:0fUVbsHDWhpNpNBLLh138k,https://api.spotify.com/v1/tracks/0fUVbsHDWhpNpNBLLh138k,https://api.spotify.com/v1/audio-analysis/0fUVbsHDWhpNpNBLLh138k,03:44,1.0,https://i.scdn.co/image/ab67616d0000b273b50f888929a8835c634716b0,2018-07-13,2018.0,False,20.0,https://p.scdn.co/mp3-preview/6f025de3c3bebb1cb2ea2997954356334259449f?cid=484c8fc1e0c54669ac770f80991a8280,53,43023
Lolo Zouaï - Galipette [hip hop],Galipette,Lolo Zouaï,Galipette,Lolo Zouaï,Galipette - BIBI Remix,Lolo Zouaï,hip hop,,Lolo Zouaï - Galipette (Official Video),2023-01-09,63.8,5.0,,youtube,,,,https://www.youtube.com/watch?v=yu9WioI4zgI,yu9WioI4zgI,7x5xZs5VbPxNsdmGAj6Hch,64.4,-491.9,C,-4.919,1.0,72.7,5.24,22.5,0.0,64.8,144,audio_features,spotify:track:7x5xZs5VbPxNsdmGAj6Hch,https://api.spotify.com/v1/tracks/7x5xZs5VbPxNsdmGAj6Hch,https://api.spotify.com/v1/audio-analysis/7x5xZs5VbPxNsdmGAj6Hch,02:02,4.0,https://i.scdn.co/image/ab67616d0000b273f0b7f8ef837071505a10f689,2021-08-26,2021.0,False,46.0,https://p.scdn.co/mp3-preview/696fd7dbb4246bf8611dc76060bf7ec2726f7e8e?cid=484c8fc1e0c54669ac770f80991a8280,56,200949
J Dilla - Time: The Donut of the Heart [Instrumental hip hop],Time: The Donut of the Heart,J Dilla,Time: The Donut of the Heart - Donuts,J Dilla,Time: The Donut of the Heart,J Dilla,instrumental hip hop,"'alternative hip hop', 'detroit hip hop', 'hip hop'",J Dilla - Time: The Donut of the Heart - Donuts (Full Album),2023-01-09,55.5,5.0,,youtube,,,,https://www.youtube.com/watch?v=c6qOBFkvdG0,c6qOBFkvdG0,6ywnTBL62OTd8HUaztJizb,71.3,-886.7,F,-8.867,0.0,41.9,9.75,6.85,54.1,29.1,186,audio_features,spotify:track:6ywnTBL62OTd8HUaztJizb,https://api.spotify.com/v1/tracks/6ywnTBL62OTd8HUaztJizb,https://api.spotify.com/v1/audio-analysis/6ywnTBL62OTd8HUaztJizb,01:38,4.0,https://i.scdn.co/image/ab67616d0000b27383bb78285449998bb974da45,2006-02-07,2006.0,False,56.0,https://p.scdn.co/mp3-preview/9b6cc7acaf45b3fbd450dae785208ec76d510b81?cid=484c8fc1e0c54669ac770f80991a8280,60,591745
PJ Harvey - One Line [Alternative],One Line,PJ Harvey,,,One Line,PJ Harvey,alternative,"'alternative rock', 'art pop', 'art rock', 'indie rock', 'melancholia', 'permanent wave', 'piano rock', 'rock', 'singer-songwriter'",One Line,2023-01-10,43.2,5.0,,youtube,,,,https://www.youtube.com/watch?v=GJNZvvL_8Yg,GJNZvvL_8Yg,4pi4ALVH55uuzWAXb8Tkb2,51.6,-781.7,B/Cb,-7.817,0.0,64.1,2.74,64.9,8.93,16.8,129,audio_features,spotify:track:4pi4ALVH55uuzWAXb8Tkb2,https://api.spotify.com/v1/tracks/4pi4ALVH55uuzWAXb8Tkb2,https://api.spotify.com/v1/audio-analysis/4pi4ALVH55uuzWAXb8Tkb2,03:13,4.0,https://i.scdn.co/image/ab67616d0000b27309e4ac9a68d9ea5ef0ad9b05,2000-01-01,2000.0,False,46.0,,59,913413
"The Sound of Animals Fighting -- Sharon Tate, Despite Everything [Experimental Rock] (2022)","Sharon Tate, Despite Everything",The Sound of Animals Fighting,,,"Sharon Tate, Despite Everything",The Sound Of Animals Fighting,experimental rock,"'dreamo', 'progressive post-hardcore', 'screamo'","Sharon Tate, Despite Everything",2023-01-08,37.0,5.0,,youtube,,,,https://www.youtube.com/watch?v=lsuOyTonQWI,lsuOyTonQWI,11n6v1QCOc4VMO3dKYkeVc,89.3,-486.1,E,-4.861,0.0,32.0,14.1,0.01,0.04,17.3,134,audio_features,spotify:track:11n6v1QCOc4VMO3dKYkeVc,https://api.spotify.com/v1/tracks/11n6v1QCOc4VMO3dKYkeVc,https://api.spotify.com/v1/audio-analysis/11n6v1QCOc4VMO3dKYkeVc,04:55,4.0,https://i.scdn.co/image/ab67616d0000b27308f9ad0d51a91a38c6d3eef3,2022-12-08,2022.0,True,41.0,https://p.scdn.co/mp3-preview/f5b4e413fb9e45e0bc58bcc6ee74077f0849535e?cid=484c8fc1e0c54669ac770f80991a8280,38,64291
Cymande - Dove [Funk],Dove,Cymande,,,Dove,Cymande,funk,"'afrobeat', 'afropop', 'funk', 'psychedelic soul', 'soul', 'world'",Dove,2023-01-09,42.8,5.0,,youtube,,,,https://www.youtube.com/watch?v=RLefc10kkMc,RLefc10kkMc,6dckUAPaw3WF2ZyhEACQDK,47.5,-1255.9,Gb/F#,-12.559,0.0,43.9,3.61,44.9,25.3,9.03,111,audio_features,spotify:track:6dckUAPaw3WF2ZyhEACQDK,https://api.spotify.com/v1/tracks/6dckUAPaw3WF2ZyhEACQDK,https://api.spotify.com/v1/audio-analysis/6dckUAPaw3WF2ZyhEACQDK,10:55,4.0,https://i.scdn.co/image/ab67616d0000b273f438475d95b0fa778cb92c57,1972-01-01,1972.0,False,44.0,https://p.scdn.co/mp3-preview/7eab147d3f2ba9ec35e9243f32d7cdf3992a097c?cid=484c8fc1e0c54669ac770f80991a8280,49,164202
Linda Clifford -- Shoot your best shot [disco] (1980),Shoot your best shot,Linda Clifford,SHOOT YOUR BEST SHOT,LINDA CLIFFORD,Shoot Your Best Shot,Linda Clifford,disco,"'deep disco', 'disco', 'post-disco'",LINDA CLIFFORD - SHOOT YOUR BEST SHOT,2023-01-07,76.2,5.0,,youtube,,,,https://www.youtube.com/watch?v=LmGMYiSRdJ0,LmGMYiSRdJ0,0k9ZcwpH4Lhneq7ziDst8D,83.2,-878.8,A,-8.788,1.0,80.1,11.4,3.97,3.5,5.33,129,audio_features,spotify:track:0k9ZcwpH4Lhneq7ziDst8D,https://api.spotify.com/v1/tracks/0k9ZcwpH4Lhneq7ziDst8D,https://api.spotify.com/v1/audio-analysis/0k9ZcwpH4Lhneq7ziDst8D,06:46,4.0,https://i.scdn.co/image/ab67616d0000b2736f5999a47ff5c3b37605ae17,1990-01-01,1990.0,False,5.0,,26,10467
Janis Ian - At Seventeen (Folk Pop) [it'll hits you right in the feels],At Seventeen,Janis Ian,,,At Seventeen - Remastered,Janis Ian,it'll hits you right in the feels,"'classic uk pop', 'folk', 'folk rock', 'mellow gold', 'singer-songwriter'",At Seventeen,2023-01-10,33.6,5.0,,youtube,,,,https://www.youtube.com/watch?v=Yi-5tiHE48c,Yi-5tiHE48c,7wJpqjqk8QbHpCakY1ZacY,27.1,-1721.2,C,-17.212,1.0,61.6,4.58,87.6,0.01,11.3,125,audio_features,spotify:track:7wJpqjqk8QbHpCakY1ZacY,https://api.spotify.com/v1/tracks/7wJpqjqk8QbHpCakY1ZacY,https://api.spotify.com/v1/audio-analysis/7wJpqjqk8QbHpCakY1ZacY,04:43,4.0,https://i.scdn.co/image/ab67616d0000b273b8e0137a5b9473f98b884f01,1975-03-01,1975.0,False,51.0,https://p.scdn.co/mp3-preview/ba8176bbb0f78dfb43365a02eb9789289c3b2262?cid=484c8fc1e0c54669ac770f80991a8280,46,132743
The Bastard Suns - S.B.M.T. [Punk Rock] (2009),S.B.M.T.,The Bastard Suns,S.B.M.T.,The Bastard Suns,S. B. M. T.,The Bastard Suns,punk rock,'celtic punk',"The Bastard Suns - ""S.B.M.T.""  Apocalypse Productions",2023-01-07,79.2,4.0,,youtube,,,,https://www.youtube.com/watch?v=P98k6JDpkqI,P98k6JDpkqI,27RHCJ5d9xz076XO8cH9sB,74.7,-549.4,G,-5.494,0.0,75.1,5.81,2.74,0.0,14.7,129,audio_features,spotify:track:27RHCJ5d9xz076XO8cH9sB,https://api.spotify.com/v1/tracks/27RHCJ5d9xz076XO8cH9sB,https://api.spotify.com/v1/audio-analysis/27RHCJ5d9xz076XO8cH9sB,02:46,4.0,https://i.scdn.co/image/ab67616d0000b273bcbf3d436346d679f66cf171,2009-04-10,2009.0,False,43.0,https://p.scdn.co/mp3-preview/33026461bdfbda5868b58c8777e7380fd8cc01f5?cid=484c8fc1e0c54669ac770f80991a8280,32,9488
Inferi - The Warrior's Infinite Opus [Tech Death Metal] (2019) Instrumental,The Warriors Infinite Opus,Inferi,The Warriors Infinite Opus,INFERI,The Warrior's Infinite Opus,Inferi,tech death metal,"'american melodeath', 'depressive black metal', 'symphonic death metal', 'technical death metal', 'technical melodic death metal', 'tennessee metal'",INFERI - The Warrior's Infinite Opus [Official Stream 2019],2023-01-06,15.2,4.0,,youtube,,,,https://www.youtube.com/watch?v=E_kk0cg74Jo,E_kk0cg74Jo,28Y3p5eBqRhvnYHHVss4WS,97.9,-647.7,C,-6.477,1.0,26.2,20.7,0.01,82.5,56.9,135,audio_features,spotify:track:28Y3p5eBqRhvnYHHVss4WS,https://api.spotify.com/v1/tracks/28Y3p5eBqRhvnYHHVss4WS,https://api.spotify.com/v1/audio-analysis/28Y3p5eBqRhvnYHHVss4WS,08:39,3.0,https://i.scdn.co/image/ab67616d0000b273111d5c71d481880030266ac5,2019-04-12,2019.0,False,23.0,https://p.scdn.co/mp3-preview/3dcb32e3a7c25e7437b0dd2554d04efc5795afcf?cid=484c8fc1e0c54669ac770f80991a8280,33,36674
Amélie Farren - suffering [alternative/indie],suffering,Amélie Farren,,,suffering,Amélie Farren,"alternative, indie",,suffering,2023-01-10,38.5,4.0,,youtube,,,,https://www.youtube.com/watch?v=e4M5J4rkRko,e4M5J4rkRko,0tEl16TyFa35KkgWJNDKLY,51.0,-858.8,D,-8.588,1.0,79.3,4.08,76.3,0.0,15.2,121,audio_features,spotify:track:0tEl16TyFa35KkgWJNDKLY,https://api.spotify.com/v1/tracks/0tEl16TyFa35KkgWJNDKLY,https://api.spotify.com/v1/audio-analysis/0tEl16TyFa35KkgWJNDKLY,02:47,4.0,https://i.scdn.co/image/ab67616d0000b2735da053310d74c46f6268d533,2022-12-01,2022.0,False,44.0,https://p.scdn.co/mp3-preview/f21a439cb2c752ba6e6d854e665e5fd0f62e5349?cid=484c8fc1e0c54669ac770f80991a8280,28,4464
Scott Lafaro - Making Whoopee [Jazz] (1957),Making Whoopee,Scott Lafaro,,,Making Whoopee,Scott LaFaro,jazz,'jazz double bass',Making Whoopee,2023-01-07,41.9,4.0,,youtube,,,,https://www.youtube.com/watch?v=mOoQjSoU6Dg,mOoQjSoU6Dg,4XLC1TfQwRbhhE4YreZnXi,15.3,-1841.6,C,-18.416,1.0,62.3,5.75,69.7,12.1,15.1,123,audio_features,spotify:track:4XLC1TfQwRbhhE4YreZnXi,https://api.spotify.com/v1/tracks/4XLC1TfQwRbhhE4YreZnXi,https://api.spotify.com/v1/audio-analysis/4XLC1TfQwRbhhE4YreZnXi,05:25,4.0,https://i.scdn.co/image/ab67616d0000b2730f82af58a93e8fa286ae2aec,1978-10-21,1978.0,False,19.0,https://p.scdn.co/mp3-preview/87f70c963ea7a1ccfdbddb474f5f83cb8398a8c8?cid=484c8fc1e0c54669ac770f80991a8280,43,5104
"Last Exit - Discharge [free jazz, experimental] (1986)",Discharge,Last Exit,,,Discharge,Last Exit,"free jazz, experimental","'avant-garde jazz', 'experimental rock', 'free improvisation', 'free jazz', 'jazzcore'",Discharge,2023-01-06,3.8,4.0,,youtube,,,,https://www.youtube.com/watch?v=pQCF7rm0GHw,pQCF7rm0GHw,2nYWKoBOIcK26aTXOJjQAL,94.5,-1168.3,G,-11.683,0.0,24.7,14.6,12.1,90.5,14.8,108,audio_features,spotify:track:2nYWKoBOIcK26aTXOJjQAL,https://api.spotify.com/v1/tracks/2nYWKoBOIcK26aTXOJjQAL,https://api.spotify.com/v1/audio-analysis/2nYWKoBOIcK26aTXOJjQAL,03:24,4.0,https://i.scdn.co/image/ab67616d0000b273899ecfb3385a61fa89c9b0a9,1986-01-01,1986.0,False,12.0,https://p.scdn.co/mp3-preview/b364537e326b7776994b5408921895f0a1490926?cid=484c8fc1e0c54669ac770f80991a8280,7,4442
